53.688000,0.697549
53.704000,0.697549
53.720000,0.672013
53.736000,0.672013
53.748000,0.672013
53.764000,0.649812
53.780000,0.649812
53.796000,0.649812
53.808000,0.635773
53.824000,0.632454
53.840000,0.627683
53.856000,0.610413
53.868000,0.605538
53.884000,0.605538
53.900000,0.605538
53.916000,0.586434
53.928000,0.581138
53.944000,0.581138
53.960000,0.559822
53.976000,0.559822
53.988000,0.559822
54.004000,0.545945
54.020000,0.537372
54.040000,0.537372
54.048000,0.524090
54.064000,0.517090
54.080000,0.517090
54.096000,0.500353
54.108000,0.499448
54.124000,0.499448
54.140000,0.499448
54.156000,0.474736
54.168000,0.469561
54.184000,0.469561
54.200000,0.457450
54.216000,0.456820
54.228000,0.456820
54.244000,0.457191
54.260000,0.426500
54.276000,0.426500
54.288000,0.426500
54.304000,0.418352
54.320000,0.415114
54.336000,0.415114
54.348000,0.392125
54.364000,0.389418
54.380000,0.389418
54.396000,0.382649
54.408000,0.370930
54.424000,0.370930
54.440000,0.370930
54.456000,0.359271
54.468000,0.359271
54.484000,0.350806
54.500000,0.352915
54.516000,0.352915
54.528000,0.352915
54.544000,0.338438
54.560000,0.324632
54.576000,0.324632
54.588000,0.324632
54.604000,0.324210
54.620000,0.324210
54.636000,0.324210
54.648000,0.304737
54.664000,0.304660
54.680000,0.304660
54.696000,0.307435
54.708000,0.306562
54.724000,0.291141
54.740000,0.289504
54.756000,0.291944
54.768000,0.291944
54.784000,0.291944
54.800000,0.277772
54.816000,0.277772
54.828000,0.277772
54.844000,0.291920
54.860000,0.291920
54.876000,0.291920
54.888000,0.273021
54.904000,0.275654
54.920000,0.275654
54.936000,0.275654
54.948000,0.296099
54.964000,0.264383
54.980000,0.264383
54.996000,0.278417
55.008000,0.278417
55.024000,0.278417
55.040000,0.299008
55.056000,0.266331
55.068000,0.266331
55.084000,0.284705
55.100000,0.284705
55.116000,0.284705
55.128000,0.269534
55.144000,0.265689
55.160000,0.265689
55.176000,0.265689
55.188000,0.297211
55.204000,0.258153
55.220000,0.258153
55.236000,0.273749
55.248000,0.273749
55.264000,0.273749
55.280000,0.259146
55.296000,0.263893
55.308000,0.263893
55.324000,0.263893
55.340000,0.285374
55.356000,0.285374
55.368000,0.244741
55.384000,0.263451
55.400000,0.263451
55.416000,0.285326
55.428000,0.290968
55.444000,0.246630
55.460000,0.246630
55.476000,0.268952
55.488000,0.268952
55.504000,0.268952
55.520000,0.251717
55.536000,0.258101
55.548000,0.258101
55.564000,0.258101
55.580000,0.269925
55.596000,0.269925
55.608000,0.227486
55.624000,0.264857
55.640000,0.264857
55.656000,0.264857
55.668000,0.264857
55.684000,0.234514
55.700000,0.234514
55.716000,0.234514
55.728000,0.259289
55.744000,0.259289
55.760000,0.213905
55.776000,0.236388
55.788000,0.241112
55.804000,0.241112
55.820000,0.241112
55.836000,0.258139
55.848000,0.214016
55.864000,0.214016
55.880000,0.214016
55.896000,0.244281
55.908000,0.244281
55.924000,0.194905
55.940000,0.208970
55.956000,0.218182
55.968000,0.218182
55.984000,0.218182
56.000000,0.188663
56.016000,0.188663
56.028000,0.188663
56.044000,0.211299
56.060000,0.211299
56.076000,0.211299
56.088000,0.182171
56.104000,0.182171
56.120000,0.182171
56.136000,0.197152
56.148000,0.197152
56.164000,0.147981
56.180000,0.147981
56.196000,0.147981
56.208000,0.168243
56.224000,0.168243
56.240000,0.124750
56.256000,0.154636
56.268000,0.154636
56.284000,0.154636
56.300000,0.165411
56.316000,0.166541
56.328000,0.117934
56.344000,0.117934
56.360000,0.142621
56.376000,0.139248
56.388000,0.139248
56.404000,0.096844
56.420000,0.112266
56.436000,0.112266
56.448000,0.112266
56.464000,0.144377
56.480000,0.144377
56.496000,0.093136
56.508000,0.106741
56.524000,0.111215
56.540000,0.111215
56.556000,0.111215
56.568000,0.071259
56.584000,0.071259
56.600000,0.071259
56.616000,0.106408
56.628000,0.111517
56.644000,0.059680
56.660000,0.070042
56.676000,0.058595
56.688000,0.058595
56.708000,0.058595
56.720000,0.105714
56.736000,0.058976
56.748000,0.058976
56.764000,0.069191
56.780000,0.070735
56.796000,0.070735
56.808000,0.041602
56.824000,0.041178
56.840000,0.041178
56.856000,0.041178
56.868000,0.064622
56.884000,0.033716
56.900000,0.033716
56.916000,0.048734
56.928000,0.055323
56.944000,0.055323
56.960000,0.055323
56.976000,0.027136
56.988000,0.027136
57.004000,0.027136
57.020000,0.052442
57.036000,0.052442
57.048000,0.029038
57.064000,0.029038
57.080000,0.035143
57.096000,0.035143
57.108000,0.035143
57.124000,0.024727
57.140000,0.024751
57.156000,0.024751
57.168000,0.024751
57.184000,0.051217
57.200000,0.051217
57.216000,0.035548
57.228000,0.025223
57.244000,0.025223
57.260000,0.025223
57.276000,0.035728
57.288000,0.045249
57.304000,0.034826
57.320000,0.034826
57.336000,0.035582
57.348000,0.032534
57.364000,0.057268
57.380000,0.057268
57.396000,0.032053
57.408000,0.032053
57.424000,0.032053
57.440000,0.051315
57.456000,0.040859
57.468000,0.040859
57.484000,0.040859
57.500000,0.036156
57.516000,0.036355
57.528000,0.064100
57.544000,0.064100
57.560000,0.038832
57.576000,0.038832
57.588000,0.038832
57.604000,0.070766
57.620000,0.044525
57.636000,0.044525
57.648000,0.044525
57.664000,0.043732
57.680000,0.064084
57.696000,0.064084
57.708000,0.064084
57.724000,0.053769
57.740000,0.053769
57.756000,0.053769
57.768000,0.060198
57.784000,0.057292
57.800000,0.057292
57.816000,0.058855
57.828000,0.062328
57.844000,0.068932
57.860000,0.068932
57.876000,0.059160
57.888000,0.060667
57.904000,0.060667
57.920000,0.060667
57.936000,0.064057
57.948000,0.064057
57.964000,0.064057
57.980000,0.070820
57.996000,0.079433
58.008000,0.070313
58.024000,0.070313
58.040000,0.069483
58.056000,0.069187
58.068000,0.069187
58.084000,0.089416
58.100000,0.073636
58.116000,0.073636
58.128000,0.073636
58.144000,0.080086
58.160000,0.081300
58.176000,0.081300
58.188000,0.081300
58.204000,0.079756
58.220000,0.079756
58.236000,0.088672
58.248000,0.083159
58.264000,0.083159
58.280000,0.083159
58.296000,0.087461
58.308000,0.087461
58.324000,0.090163
58.340000,0.083825
58.356000,0.083825
58.368000,0.083825
58.384000,0.091249
58.400000,0.089869
58.420000,0.089869
58.428000,0.087565
58.444000,0.085908
58.460000,0.085908
58.476000,0.085908
58.488000,0.088260
58.504000,0.087809
58.520000,0.087809
58.536000,0.088494
58.548000,0.088377
58.564000,0.101425
58.580000,0.101425
58.596000,0.087881
58.608000,0.087255
58.624000,0.087255
58.640000,0.087255
58.656000,0.087752
58.668000,0.087752
58.684000,0.087752
58.704000,0.086102
58.716000,0.086472
58.728000,0.101779
58.744000,0.101779
58.760000,0.085005
58.776000,0.085005
58.788000,0.107272
58.804000,0.095623
58.820000,0.095623
58.836000,0.095623
58.848000,0.081277
58.864000,0.107860
58.880000,0.107860
58.896000,0.093009
58.908000,0.089406
58.924000,0.089406
58.940000,0.131878
58.956000,0.097233
58.972000,0.097233
58.984000,0.097233
59.000000,0.080441
59.016000,0.080441
59.028000,0.121270
59.044000,0.121270
59.060000,0.085803
59.076000,0.085803
59.088000,0.085803
59.104000,0.110876
59.120000,0.129186
59.136000,0.129186
59.148000,0.129186
59.164000,0.073588
59.180000,0.072110
59.196000,0.111450
59.208000,0.111450
59.224000,0.081435
59.240000,0.076780
59.256000,0.076780
59.268000,0.124757
59.284000,0.101226
59.300000,0.095218
59.316000,0.095218
59.328000,0.083872
59.344000,0.107387
59.360000,0.107387
59.376000,0.107387
59.388000,0.070040
59.404000,0.070040
59.420000,0.070040
59.436000,0.120974
59.448000,0.088564
59.464000,0.088564
59.480000,0.088564
59.496000,0.057280
59.508000,0.112471
59.524000,0.112471
59.540000,0.087894
59.556000,0.081194
59.568000,0.081194
59.584000,0.136397
59.600000,0.090785
59.616000,0.090785
59.628000,0.090785
59.644000,0.066350
59.660000,0.066350
59.676000,0.127155
59.688000,0.081854
59.704000,0.081854
59.720000,0.081854
59.736000,0.058847
59.748000,0.100310
59.764000,0.100310
59.780000,0.100310
59.796000,0.063558
59.808000,0.067744
59.824000,0.124951
59.840000,0.124951
59.856000,0.069189
59.868000,0.069189
59.884000,0.069189
59.900000,0.104427
59.916000,0.103221
59.928000,0.103221
59.944000,0.103221
59.960000,0.056686
59.976000,0.056686
59.988000,0.112718
60.004000,0.084838
60.020000,0.077478
60.036000,0.077478
60.048000,0.088289
60.064000,0.080982
60.080000,0.080982
60.096000,0.080982
60.108000,0.056931
60.124000,0.113939
60.140000,0.113939
60.156000,0.061608
60.168000,0.061608
60.184000,0.061608
60.200000,0.095408
60.216000,0.100214
60.228000,0.100214
60.244000,0.100214
60.260000,0.055546
60.276000,0.055546
60.288000,0.114527
60.304000,0.081771
60.320000,0.081771
60.336000,0.081771
60.348000,0.042490
60.364000,0.084322
60.380000,0.084322
60.396000,0.061984
60.408000,0.061984
60.424000,0.061984
60.440000,0.119352
60.456000,0.072155
60.468000,0.072155
60.484000,0.072155
60.500000,0.052584
60.516000,0.052584
60.528000,0.107908
60.544000,0.076878
60.560000,0.076878
60.576000,0.076878
60.588000,0.044917
60.604000,0.091011
60.620000,0.091011
60.636000,0.073387
60.648000,0.073387
60.664000,0.073387
60.680000,0.073387
60.696000,0.079830
60.708000,0.079830
60.724000,0.079830
60.740000,0.057126
60.756000,0.057126
60.768000,0.107681
60.784000,0.075221
60.800000,0.075221
60.816000,0.075221
60.828000,0.057954
60.844000,0.103450
60.860000,0.103450
60.876000,0.083634
60.888000,0.073536
60.904000,0.073536
60.920000,0.126277
60.936000,0.092120
60.948000,0.092120
60.964000,0.092120
60.980000,0.067526
60.996000,0.062723
61.008000,0.102719
61.024000,0.102719
61.040000,0.082988
61.056000,0.082988
61.068000,0.082988
61.084000,0.104549
61.100000,0.104549
61.116000,0.081278
61.128000,0.077328
61.144000,0.114097
61.160000,0.114097
61.176000,0.094312
61.188000,0.089855
61.204000,0.089855
61.220000,0.136909
61.236000,0.111462
61.248000,0.111462
61.264000,0.111462
61.284000,0.081495
61.296000,0.081495
61.308000,0.122144
61.324000,0.122144
61.340000,0.102442
61.356000,0.097524
61.368000,0.097524
61.384000,0.146710
61.400000,0.109126
61.416000,0.109126
61.428000,0.109126
61.444000,0.086277
61.460000,0.133393
61.476000,0.133393
61.488000,0.102285
61.504000,0.102285
61.520000,0.102285
61.536000,0.100948
61.548000,0.118810
61.564000,0.118810
61.580000,0.118810
61.596000,0.089948
61.608000,0.089948
61.624000,0.138148
61.640000,0.114493
61.656000,0.114493
61.668000,0.114493
61.684000,0.081278
61.700000,0.125643
61.716000,0.125643
61.728000,0.125643
61.744000,0.086983
61.760000,0.086983
61.776000,0.086983
61.788000,0.108681
61.804000,0.108681
61.820000,0.108681
61.836000,0.108681
61.848000,0.077469
61.864000,0.117548
61.880000,0.117548
61.896000,0.097061
61.908000,0.097061
61.924000,0.097061
61.940000,0.119802
61.956000,0.119802
61.968000,0.119802
61.984000,0.086935
62.000000,0.086935
62.016000,0.086935
62.028000,0.111611
62.044000,0.111611
62.060000,0.111611
62.076000,0.088244
62.088000,0.077401
62.104000,0.132022
62.120000,0.123664
62.136000,0.101043
62.148000,0.101043
62.164000,0.101043
62.180000,0.118985
62.196000,0.118985
62.208000,0.118985
62.224000,0.083688
62.240000,0.081639
62.256000,0.081639
62.268000,0.140656
62.284000,0.102837
62.300000,0.102837
62.316000,0.102837
62.328000,0.067186
62.344000,0.117858
62.360000,0.117858
62.376000,0.088594
62.388000,0.076822
62.404000,0.076822
62.420000,0.136190
62.436000,0.112165
62.448000,0.116643
62.464000,0.116643
62.480000,0.075352
62.496000,0.070057
62.508000,0.120298
62.524000,0.120298
62.540000,0.082697
62.556000,0.082697
62.568000,0.082697
62.584000,0.097881
62.600000,0.097881
62.616000,0.097881
62.628000,0.097881
62.644000,0.068565
62.660000,0.119515
62.676000,0.119515
62.688000,0.089173
62.704000,0.082770
62.720000,0.082770
62.736000,0.058125
62.748000,0.097797
62.764000,0.097797
62.780000,0.097797
62.796000,0.064826
62.808000,0.064826
62.824000,0.116067
62.840000,0.090154
62.856000,0.083575
62.868000,0.083575
62.884000,0.083575
62.900000,0.100839
62.916000,0.100839
62.928000,0.100839
62.944000,0.065597
62.960000,0.065597
62.976000,0.065597
62.988000,0.081616
63.004000,0.081616
63.020000,0.081616
63.036000,0.059647
63.048000,0.051718
63.064000,0.096502
63.080000,0.080358
63.096000,0.068237
63.108000,0.068237
63.124000,0.068237
63.140000,0.067098
63.156000,0.085830
63.168000,0.085830
63.184000,0.085830
63.200000,0.056836
63.216000,0.056836
63.228000,0.103606
63.244000,0.079325
63.260000,0.073410
63.276000,0.073410
63.288000,0.052062
63.304000,0.090986
63.320000,0.090986
63.336000,0.064900
63.348000,0.056880
63.364000,0.056880
63.380000,0.056880
63.396000,0.076435
63.408000,0.076435
63.424000,0.076435
63.440000,0.062755
63.456000,0.055782
63.468000,0.099831
63.484000,0.099831
63.500000,0.068897
63.516000,0.068897
63.528000,0.068897
63.544000,0.084785
63.560000,0.079122
63.576000,0.079122
63.588000,0.079122
63.604000,0.059508
63.620000,0.106296
63.636000,0.083739
63.648000,0.073055
63.664000,0.073055
63.680000,0.073055
63.696000,0.056619
63.708000,0.097694
63.724000,0.097694
63.740000,0.072149
63.756000,0.067484
63.768000,0.067484
63.784000,0.118427
63.800000,0.085510
63.816000,0.085510
63.828000,0.085510
63.844000,0.066211
63.860000,0.066211
63.876000,0.116244
63.888000,0.077578
63.904000,0.077578
63.920000,0.077578
63.936000,0.058075
63.948000,0.095480
63.964000,0.095480
63.980000,0.095480
63.996000,0.066767
64.008000,0.066767
64.024000,0.117574
64.040000,0.100272
64.056000,0.094118
64.068000,0.088168
64.084000,0.088168
64.100000,0.111145
64.116000,0.109875
64.128000,0.109875
64.144000,0.083228
64.160000,0.072461
64.176000,0.072461
64.188000,0.128868
64.204000,0.098279
64.220000,0.098279
64.236000,0.098279
64.248000,0.072880
64.264000,0.122173
64.280000,0.122173
64.296000,0.093853
64.308000,0.093853
64.324000,0.092509
64.340000,0.151453
64.356000,0.101716
64.368000,0.101716
64.384000,0.101716
64.400000,0.101716
64.416000,0.073278
64.428000,0.126880
64.444000,0.126880
64.460000,0.097845
64.476000,0.091544
64.488000,0.091544
64.504000,0.149098
64.520000,0.091188
64.536000,0.091188
64.548000,0.091188
64.564000,0.080246
64.580000,0.074340
64.596000,0.129123
64.608000,0.129123
64.624000,0.086299
64.640000,0.086299
64.656000,0.086299
64.668000,0.125733
64.684000,0.118476
64.700000,0.118476
64.716000,0.118476
64.728000,0.064436
64.744000,0.123009
64.760000,0.123009
64.776000,0.096570
64.788000,0.089717
64.804000,0.089717
64.820000,0.089717
64.836000,0.120331
64.848000,0.120331
64.864000,0.120331
64.880000,0.076096
64.896000,0.069823
64.908000,0.125169
64.924000,0.125169
64.940000,0.092483
64.956000,0.092483
64.968000,0.092483
64.984000,0.113959
65.000000,0.113959
65.016000,0.113959
65.028000,0.111409
65.044000,0.111409
65.060000,0.111409
65.076000,0.110154
65.088000,0.110154
65.104000,0.110154
65.120000,0.077368
65.136000,0.077368
65.148000,0.139531
65.164000,0.103916
65.180000,0.108542
65.196000,0.108542
65.208000,0.108542
65.224000,0.119990
65.240000,0.119990
65.256000,0.119990
65.268000,0.088868
65.284000,0.086380
65.300000,0.146243
65.316000,0.095493
65.328000,0.086881
65.344000,0.086881
65.360000,0.086881
65.376000,0.068905
65.388000,0.125399
65.404000,0.125399
65.420000,0.087069
65.436000,0.087069
65.448000,0.087069
65.464000,0.113119
65.480000,0.110422
65.496000,0.110422
65.508000,0.110422
65.524000,0.064702
65.540000,0.118373
65.556000,0.092954
65.568000,0.097351
65.584000,0.097351
65.600000,0.097351
65.616000,0.064055
65.628000,0.120363
65.644000,0.120363
65.660000,0.090271
65.676000,0.083884
65.688000,0.083884
65.704000,0.142304
65.720000,0.083699
65.736000,0.083699
65.748000,0.083699
65.764000,0.070116
65.780000,0.068105
65.796000,0.121657
65.808000,0.121657
65.824000,0.098767
65.844000,0.086060
65.856000,0.086060
65.868000,0.141188
65.884000,0.104894
65.900000,0.104894
65.916000,0.104894
65.928000,0.065667
65.944000,0.111324
65.960000,0.111324
65.976000,0.085925
65.988000,0.085925
66.004000,0.085925
66.020000,0.062101
66.036000,0.096804
66.048000,0.096804
66.064000,0.096804
66.080000,0.068854
66.096000,0.068854
66.108000,0.115265
66.124000,0.085616
66.140000,0.079685
66.156000,0.079685
66.168000,0.079685
66.184000,0.104853
66.200000,0.104853
66.216000,0.085823
66.228000,0.076834
66.244000,0.076834
66.260000,0.076834
66.276000,0.094271
66.288000,0.089338
66.304000,0.089338
66.320000,0.073065
66.336000,0.083814
66.348000,0.130433
66.364000,0.130433
66.380000,0.080230
66.396000,0.080230
66.408000,0.080230
66.424000,0.097259
66.440000,0.097259
66.456000,0.097259
66.468000,0.097259
66.484000,0.077576
66.500000,0.105851
66.516000,0.105851
66.528000,0.105851
66.544000,0.081975
66.560000,0.081975
66.576000,0.081975
66.588000,0.093837
66.604000,0.093837
66.620000,0.093837
66.636000,0.083132
66.648000,0.078618
66.664000,0.112298
66.680000,0.112298
66.696000,0.087459
66.708000,0.087459
66.724000,0.087459
66.740000,0.103589
66.756000,0.094307
66.768000,0.094307
66.784000,0.094307
66.800000,0.080730
66.816000,0.080730
66.828000,0.114765
66.844000,0.095483
66.860000,0.087421
66.876000,0.087421
66.888000,0.087421
66.904000,0.105990
66.920000,0.105990
66.936000,0.105990
66.948000,0.081350
66.964000,0.078577
66.980000,0.116739
66.996000,0.093023
67.008000,0.096007
67.024000,0.096007
67.040000,0.096007
67.056000,0.072010
67.068000,0.103731
67.084000,0.103731
67.100000,0.076865
67.116000,0.071528
67.128000,0.071528
67.144000,0.103427
67.160000,0.090761
67.176000,0.090761
67.188000,0.090761
67.204000,0.078182
67.220000,0.074487
67.236000,0.118358
67.248000,0.092762
67.264000,0.082573
67.280000,0.082573
67.296000,0.068620
67.308000,0.111253
67.324000,0.111253
67.340000,0.111253
67.356000,0.070412
67.368000,0.070412
67.384000,0.118276
67.400000,0.096856
67.416000,0.096856
67.428000,0.096856
67.444000,0.064970
67.460000,0.107266
67.476000,0.107266
67.488000,0.107266
67.504000,0.111265
67.520000,0.111265
67.536000,0.111265
67.548000,0.109351
67.564000,0.095883
67.580000,0.095883
67.596000,0.068871
67.608000,0.068871
67.624000,0.123605
67.640000,0.090971
67.656000,0.090971
67.668000,0.084338
67.684000,0.084338
67.700000,0.084338
67.716000,0.102984
67.728000,0.102984
67.744000,0.102984
67.760000,0.068308
67.776000,0.066004
67.788000,0.127280
67.804000,0.127280
67.820000,0.074826
67.836000,0.074826
67.848000,0.074826
67.864000,0.107034
67.880000,0.107034
67.896000,0.107034
67.908000,0.072930
67.924000,0.056970
67.940000,0.056970
67.956000,0.088816
67.968000,0.088816
67.984000,0.088816
68.000000,0.114916
68.016000,0.119733
68.032000,0.119733
68.044000,0.119733
68.060000,0.067183
68.076000,0.067183
68.088000,0.125425
68.104000,0.099265
68.120000,0.090178
68.136000,0.090178
68.148000,0.090178
68.164000,0.105155
68.180000,0.105155
68.196000,0.105155
68.208000,0.078296
68.224000,0.071278
68.240000,0.130673
68.256000,0.090236
68.268000,0.090236
68.284000,0.090236
68.300000,0.090236
68.316000,0.047579
68.328000,0.104560
68.344000,0.104560
68.360000,0.068509
68.376000,0.068509
68.388000,0.068509
68.404000,0.139197
68.420000,0.105655
68.436000,0.105655
68.448000,0.065718
68.464000,0.058665
68.480000,0.123266
68.496000,0.123266
68.508000,0.086773
68.524000,0.086773
68.540000,0.086773
68.556000,0.043499
68.568000,0.100794
68.584000,0.100794
68.600000,0.105806
68.616000,0.072945
68.628000,0.072945
68.644000,0.136256
68.660000,0.086881
68.676000,0.086881
68.688000,0.086881
68.704000,0.086881
68.720000,0.080809
68.736000,0.080809
68.748000,0.080809
68.764000,0.064016
68.780000,0.068478
68.796000,0.068478
68.808000,0.127582
68.824000,0.072668
68.840000,0.072668
68.856000,0.072668
68.868000,0.054623
68.884000,0.104225
68.900000,0.104225
68.916000,0.063821
68.928000,0.049161
68.944000,0.049161
68.960000,0.103107
68.976000,0.107889
68.988000,0.107889
69.004000,0.107889
69.020000,0.049675
69.036000,0.045059
69.048000,0.100176
69.064000,0.080187
69.080000,0.073447
69.096000,0.073447
69.108000,0.054732
69.124000,0.093143
69.140000,0.093143
69.156000,0.093143
69.168000,0.060707
69.184000,0.060707
69.200000,0.060707
69.216000,0.082621
69.228000,0.076440
69.244000,0.076440
69.260000,0.076440
69.276000,0.051040
69.288000,0.094604
69.304000,0.094604
69.320000,0.056749
69.336000,0.056749
69.348000,0.056749
69.364000,0.113170
69.380000,0.078633
69.396000,0.078633
69.408000,0.061664
69.424000,0.055291
69.440000,0.097574
69.456000,0.097574
69.468000,0.079801
69.484000,0.083165
69.500000,0.083165
69.516000,0.083165
69.528000,0.084274
69.544000,0.086706
69.560000,0.086706
69.576000,0.070498
69.588000,0.068683
69.604000,0.108036
69.620000,0.108036
69.636000,0.085988
69.648000,0.085988
69.664000,0.085988
69.680000,0.106644
69.696000,0.101321
69.708000,0.101321
69.724000,0.101321
69.740000,0.077397
69.756000,0.077397
69.768000,0.118976
69.784000,0.090508
69.800000,0.090508
69.816000,0.090508
69.828000,0.075087
69.844000,0.112969
69.860000,0.112969
69.876000,0.112969
69.888000,0.086978
69.904000,0.086978
69.920000,0.128767
69.936000,0.109451
69.948000,0.104727
69.964000,0.104727
69.980000,0.104727
69.996000,0.083803
70.008000,0.121141
70.024000,0.121141
70.040000,0.102103
70.056000,0.094003
70.068000,0.094003
70.084000,0.140648
70.100000,0.114214
70.116000,0.107740
70.128000,0.107740
70.144000,0.107740
70.160000,0.121195
70.176000,0.121195
70.188000,0.121195
70.204000,0.102628
70.220000,0.100382
70.236000,0.100382
70.248000,0.149204
70.264000,0.112625
70.280000,0.112625
70.296000,0.112625
70.308000,0.095552
70.324000,0.144582
70.340000,0.144582
70.356000,0.107737
70.368000,0.107737
70.384000,0.107737
70.400000,0.156225
70.416000,0.128254
70.428000,0.128254
70.444000,0.128254
70.460000,0.092692
70.476000,0.092692
70.488000,0.140172
70.504000,0.118349
70.520000,0.116741
70.536000,0.116741
70.548000,0.116741
70.564000,0.122765
70.580000,0.122765
70.596000,0.100755
70.608000,0.100755
70.624000,0.091531
70.640000,0.145697
70.656000,0.145697
70.668000,0.109489
70.684000,0.109489
70.700000,0.109489
70.716000,0.078345
70.728000,0.120328
70.744000,0.120328
70.760000,0.091677
70.776000,0.091677
70.788000,0.077577
70.804000,0.128218
70.820000,0.128218
70.836000,0.119465
70.848000,0.089342
70.864000,0.089342
70.880000,0.147995
70.896000,0.100902
70.908000,0.100902
70.924000,0.100902
70.940000,0.077644
70.956000,0.075067
70.968000,0.130005
70.984000,0.130005
71.000000,0.112007
71.016000,0.112007
71.028000,0.112007
71.044000,0.100473
71.060000,0.100473
71.076000,0.100473
71.088000,0.070296
71.104000,0.064173
71.120000,0.119418
71.136000,0.091541
71.148000,0.091541
71.164000,0.091541
71.180000,0.055800
71.196000,0.050580
71.208000,0.102776
71.224000,0.102776
71.240000,0.067731
71.256000,0.067731
71.268000,0.067731
71.284000,0.098934
71.300000,0.083863
71.316000,0.083863
71.328000,0.083863
71.344000,0.057372
71.360000,0.113439
71.376000,0.113439
71.388000,0.072352
71.404000,0.072352
71.420000,0.072352
71.436000,0.043243
71.448000,0.097524
71.464000,0.097524
71.480000,0.074795
71.496000,0.065010
71.508000,0.065010
71.524000,0.078625
71.540000,0.089669
71.556000,0.089669
71.568000,0.089669
71.584000,0.049332
71.600000,0.095438
71.616000,0.095438
71.628000,0.095438
71.644000,0.069557
71.660000,0.069557
71.676000,0.069557
71.688000,0.084824
71.704000,0.084824
71.720000,0.084824
71.736000,0.060773
71.748000,0.054697
71.764000,0.113391
71.780000,0.074707
71.796000,0.067978
71.808000,0.067978
71.824000,0.067978
71.840000,0.052602
71.856000,0.107223
71.868000,0.107223
71.884000,0.066461
71.900000,0.061237
71.916000,0.061237
71.928000,0.082458
71.944000,0.082458
71.960000,0.082458
71.976000,0.061026
71.988000,0.056674
72.004000,0.107230
72.020000,0.085127
72.036000,0.079107
72.048000,0.079107
72.064000,0.079107
72.080000,0.110374
72.096000,0.110374
72.108000,0.110374
72.124000,0.061302
72.140000,0.061302
72.156000,0.061302
72.168000,0.099438
72.184000,0.092758
72.200000,0.092758
72.216000,0.092758
72.228000,0.057411
72.244000,0.104466
72.260000,0.104466
72.276000,0.079087
72.288000,0.074344
72.304000,0.074344
72.320000,0.125203
72.336000,0.096186
72.348000,0.096186
72.364000,0.096186
72.380000,0.065919
72.396000,0.063413
72.408000,0.105289
72.424000,0.105289
72.440000,0.078335
72.456000,0.078335
72.468000,0.078335
72.484000,0.119166
72.500000,0.094214
72.516000,0.094214
72.528000,0.094214
72.544000,0.070486
72.560000,0.110325
72.576000,0.110325
72.588000,0.110325
72.604000,0.078592
72.620000,0.078592
72.636000,0.078592
72.648000,0.094853
72.664000,0.089656
72.680000,0.089656
72.696000,0.089656
72.708000,0.070612
72.724000,0.105086
72.740000,0.105086
72.756000,0.080613
72.768000,0.082732
72.784000,0.082732
72.800000,0.131294
72.816000,0.098309
72.828000,0.098309
72.844000,0.098309
72.860000,0.074110
72.876000,0.075659
72.888000,0.119559
72.904000,0.119559
72.920000,0.076269
72.936000,0.076269
72.948000,0.076269
72.964000,0.098135
72.980000,0.101681
72.996000,0.101681
73.008000,0.101681
73.024000,0.069826
73.040000,0.112516
73.056000,0.112516
73.068000,0.094496
73.084000,0.094496
73.100000,0.094496
73.116000,0.070860
73.128000,0.108207
73.144000,0.108207
73.160000,0.083806
73.176000,0.085984
73.188000,0.085984
73.204000,0.135921
73.220000,0.092286
73.236000,0.092286
73.248000,0.092286
73.264000,0.076848
73.280000,0.121808
73.296000,0.121808
73.308000,0.121808
73.324000,0.081307
73.340000,0.081307
73.356000,0.081307
73.368000,0.109699
73.384000,0.103227
73.400000,0.103227
73.416000,0.077577
73.428000,0.072739
73.444000,0.119986
73.460000,0.119986
73.476000,0.093589
73.488000,0.093589
73.504000,0.093589
73.520000,0.103256
73.536000,0.096273
73.548000,0.096273
73.564000,0.096273
73.580000,0.080867
73.596000,0.080867
73.608000,0.131131
73.624000,0.090739
73.640000,0.094047
73.656000,0.094047
73.668000,0.094047
73.684000,0.104295
73.700000,0.104295
73.716000,0.104295
73.728000,0.069254
73.744000,0.096318
73.760000,0.096318
73.776000,0.092928
73.788000,0.086568
73.804000,0.086568
73.820000,0.086568
73.836000,0.062777
73.848000,0.107016
73.864000,0.107016
73.880000,0.084203
73.896000,0.079385
73.908000,0.079385
73.924000,0.108189
73.940000,0.096675
73.956000,0.096675
73.968000,0.096675
73.984000,0.068873
74.000000,0.065183
74.016000,0.111012
74.028000,0.089858
74.044000,0.114783
74.060000,0.114783
74.076000,0.064640
74.088000,0.099672
74.104000,0.099672
74.120000,0.099672
74.136000,0.076892
74.148000,0.076892
74.164000,0.131332
74.180000,0.093512
74.196000,0.086875
74.208000,0.086875
74.224000,0.086875
74.240000,0.141528
74.256000,0.141528
74.268000,0.141528
74.284000,0.081752
74.300000,0.076594
74.316000,0.076594
74.328000,0.131810
74.344000,0.101571
74.360000,0.101571
74.376000,0.101571
74.388000,0.069974
74.404000,0.126251
74.420000,0.126251
74.436000,0.100674
74.448000,0.100674
74.464000,0.152042
74.480000,0.113731
74.496000,0.113731
74.508000,0.113731
74.524000,0.066297
74.540000,0.119435
74.556000,0.119435
74.568000,0.119435
74.584000,0.084910
74.600000,0.084910
74.616000,0.084910
74.628000,0.110096
74.644000,0.116901
74.660000,0.116901
74.676000,0.116901
74.688000,0.075477
74.704000,0.127433
74.720000,0.127433
74.736000,0.101698
74.748000,0.094761
74.764000,0.094761
74.780000,0.155381
74.796000,0.108486
74.808000,0.108486
74.824000,0.108486
74.840000,0.081204
74.856000,0.074315
74.868000,0.132053
74.884000,0.132053
74.900000,0.089641
74.916000,0.089641
74.928000,0.089641
74.944000,0.107183
74.960000,0.091798
74.976000,0.091798
74.988000,0.091798
75.004000,0.063638
75.020000,0.121828
75.036000,0.121828
75.048000,0.121828
75.064000,0.076937
75.080000,0.076937
75.096000,0.076937
75.108000,0.092865
75.124000,0.092865
75.140000,0.092865
75.156000,0.060040
75.168000,0.060040
75.184000,0.117056
75.200000,0.117056
75.216000,0.081877
75.228000,0.081877
75.244000,0.081877
75.260000,0.048317
75.276000,0.100621
75.288000,0.100621
75.304000,0.065721
75.320000,0.057829
75.336000,0.057829
75.348000,0.085401
75.364000,0.078197
75.380000,0.078197
75.396000,0.078197
75.408000,0.053450
75.424000,0.108978
75.440000,0.108978
75.456000,0.068040
75.468000,0.068040
75.484000,0.068040
75.500000,0.103039
75.516000,0.103039
75.528000,0.103039
75.544000,0.068002
75.560000,0.063013
75.576000,0.063013
75.588000,0.115536
75.604000,0.090086
75.620000,0.090086
75.636000,0.090086
75.648000,0.056870
75.664000,0.103455
75.680000,0.103455
75.696000,0.075989
75.708000,0.075989
75.724000,0.075989
75.740000,0.097821
75.756000,0.091302
75.768000,0.091302
75.784000,0.091302
75.800000,0.062746
75.816000,0.062746
75.828000,0.110011
75.844000,0.088569
75.860000,0.088569
75.876000,0.069379
75.888000,0.064098
75.904000,0.108108
75.920000,0.108108
75.936000,0.082823
75.948000,0.082823
75.964000,0.082823
75.980000,0.102215
75.996000,0.096717
76.008000,0.096717
76.024000,0.096717
76.040000,0.077786
76.056000,0.077786
76.068000,0.125741
76.084000,0.093423
76.100000,0.088313
76.116000,0.088313
76.128000,0.088313
76.144000,0.110093
76.160000,0.110093
76.176000,0.110093
76.188000,0.080719
76.204000,0.076681
76.220000,0.123113
76.236000,0.123113
76.248000,0.096107
76.264000,0.096107
76.280000,0.096107
76.296000,0.074571
76.308000,0.116288
76.324000,0.116288
76.340000,0.095534
76.356000,0.085829
76.368000,0.085829
76.384000,0.109958
76.400000,0.104204
76.416000,0.104204
76.428000,0.104204
76.444000,0.084050
76.460000,0.132733
76.476000,0.132733
76.488000,0.093373
76.504000,0.093373
76.520000,0.093373
76.536000,0.075891
76.548000,0.107060
76.564000,0.107060
76.580000,0.107060
76.596000,0.077766
76.608000,0.077766
76.624000,0.125514
76.640000,0.103990
76.656000,0.098713
76.668000,0.098713
76.684000,0.078190
76.700000,0.078190
76.716000,0.121158
76.728000,0.121158
76.744000,0.091426
76.760000,0.091426
76.776000,0.091426
76.788000,0.109383
76.804000,0.109383
76.820000,0.109383
76.836000,0.109383
76.848000,0.083271
76.864000,0.124358
76.880000,0.124358
76.896000,0.099821
76.908000,0.098343
76.924000,0.098343
76.940000,0.098343
76.956000,0.102634
76.968000,0.102634
76.984000,0.102634
77.000000,0.087269
77.016000,0.085499
77.028000,0.127610
77.044000,0.127610
77.060000,0.087427
77.076000,0.087427
77.088000,0.087427
77.104000,0.120340
77.120000,0.113166
77.136000,0.113166
77.148000,0.088403
77.164000,0.085015
77.180000,0.126110
77.196000,0.126110
77.208000,0.098755
77.224000,0.098755
77.240000,0.098755
77.256000,0.078890
77.268000,0.114269
77.284000,0.114269
77.300000,0.094222
77.316000,0.088505
77.328000,0.088505
77.344000,0.133983
77.360000,0.096807
77.376000,0.096807
77.388000,0.096807
77.404000,0.094641
77.420000,0.094641
77.436000,0.146203
77.448000,0.093435
77.464000,0.088735
77.480000,0.088735
77.496000,0.075938
77.508000,0.141187
77.524000,0.141187
77.540000,0.141187
77.556000,0.080366
77.568000,0.080366
77.584000,0.126692
77.600000,0.099265
77.616000,0.099265
77.628000,0.099265
77.644000,0.070786
77.660000,0.067738
77.676000,0.107493
77.688000,0.107493
77.704000,0.086967
77.720000,0.086967
77.736000,0.086967
77.748000,0.094642
77.764000,0.088577
77.780000,0.088577
77.796000,0.070521
77.808000,0.068672
77.824000,0.115807
77.840000,0.115807
77.856000,0.067371
77.868000,0.067371
77.884000,0.067371
77.900000,0.115819
77.916000,0.097322
77.928000,0.097322
77.944000,0.097322
77.960000,0.061705
77.976000,0.061705
77.988000,0.109109
78.004000,0.109109
78.020000,0.066976
78.036000,0.066976
78.048000,0.066976
78.064000,0.118443
78.080000,0.086874
78.096000,0.086874
78.108000,0.086874
78.124000,0.054342
78.140000,0.098273
78.156000,0.098273
78.168000,0.080165
78.184000,0.074036
78.200000,0.074036
78.216000,0.050397
78.228000,0.073307
78.244000,0.073307
78.260000,0.073307
78.276000,0.059560
78.288000,0.059560
78.304000,0.111316
78.320000,0.060996
78.336000,0.060996
78.348000,0.060996
78.364000,0.060996
78.380000,0.087903
78.396000,0.087903
78.408000,0.087903
78.424000,0.048409
78.440000,0.048409
78.456000,0.048409
78.468000,0.082697
78.484000,0.076111
78.500000,0.076111
78.516000,0.052236
78.528000,0.046264
78.544000,0.088174
78.560000,0.088174
78.576000,0.059514
78.588000,0.059514
78.604000,0.059514
78.620000,0.074058
78.636000,0.074058
78.648000,0.074058
78.664000,0.052722
78.680000,0.055954
78.696000,0.055954
78.708000,0.109686
78.724000,0.066392
78.740000,0.066392
78.756000,0.066392
78.768000,0.043568
78.784000,0.090023
78.800000,0.090023
78.816000,0.061777
78.828000,0.056158
78.844000,0.056158
78.860000,0.069024
78.876000,0.079577
78.888000,0.079577
78.904000,0.079577
78.920000,0.045411
78.936000,0.045411
78.948000,0.093584
78.964000,0.069505
78.980000,0.069505
78.996000,0.069505
79.008000,0.048364
79.024000,0.081453
79.040000,0.081453
79.056000,0.081453
79.068000,0.061925
79.084000,0.061925
79.100000,0.117517
79.116000,0.074119
79.128000,0.074119
79.144000,0.074119
79.160000,0.051214
79.176000,0.051214
79.188000,0.100537
79.204000,0.079662
79.220000,0.077562
79.236000,0.077562
79.248000,0.077562
79.264000,0.093062
79.280000,0.093062
79.296000,0.093062
79.308000,0.066585
79.324000,0.061356
79.340000,0.111199
79.356000,0.087571
79.368000,0.105719
79.384000,0.105719
79.400000,0.105719
79.416000,0.058715
79.428000,0.101159
79.444000,0.101159
79.460000,0.075904
79.476000,0.078955
79.488000,0.078955
79.504000,0.134326
79.520000,0.091256
79.536000,0.091256
79.548000,0.091256
79.564000,0.065985
79.580000,0.115643
79.596000,0.115643
79.612000,0.086397
79.624000,0.086397
79.640000,0.086397
79.656000,0.069029
79.668000,0.133420
79.684000,0.133420
79.700000,0.133420
79.716000,0.078816
79.728000,0.067300
79.744000,0.116253
79.760000,0.116253
79.776000,0.091462
79.788000,0.091462
79.804000,0.091462
79.820000,0.105917
79.836000,0.105917
79.848000,0.105917
79.864000,0.110115
79.880000,0.110115
79.896000,0.110115
79.908000,0.110014
79.924000,0.102256
79.940000,0.102256
79.956000,0.102256
79.968000,0.075358
79.984000,0.126963
80.000000,0.126963
80.016000,0.091019
80.028000,0.091019
80.044000,0.091019
80.060000,0.117840
80.076000,0.117840
80.088000,0.117840
80.104000,0.088306
80.120000,0.075771
80.136000,0.075771
80.148000,0.126193
80.164000,0.102988
80.180000,0.102988
80.196000,0.102988
80.208000,0.077006
80.224000,0.120628
80.240000,0.120628
80.256000,0.099153
80.268000,0.093167
80.284000,0.093167
80.300000,0.125997
80.316000,0.116118
80.328000,0.116118
80.344000,0.116118
80.360000,0.078234
80.376000,0.078234
80.388000,0.133305
80.404000,0.107655
80.420000,0.101040
80.436000,0.101040
80.448000,0.074482
80.464000,0.121583
80.480000,0.121583
80.496000,0.121583
80.508000,0.089145
80.524000,0.089145
80.540000,0.146391
80.556000,0.103129
80.568000,0.103129
80.584000,0.103129
80.600000,0.081263
80.616000,0.078903
80.628000,0.137980
80.648000,0.106258
80.660000,0.092398
80.676000,0.092398
80.688000,0.092398
80.704000,0.118460
80.720000,0.118460
80.736000,0.118460
80.748000,0.082156
80.764000,0.075597
80.780000,0.132510
80.796000,0.132510
80.808000,0.097600
80.824000,0.097600
80.840000,0.097600
80.856000,0.062071
80.868000,0.116977
80.884000,0.116977
80.900000,0.092317
80.916000,0.082078
80.928000,0.082078
80.944000,0.142177
80.960000,0.096236
80.976000,0.096236
80.988000,0.096236
81.004000,0.070471
81.020000,0.120970
81.036000,0.120970
81.048000,0.120970
81.064000,0.081984
81.080000,0.081984
81.096000,0.081984
81.108000,0.106172
81.124000,0.096954
81.140000,0.096954
81.156000,0.063394
81.168000,0.067461
81.184000,0.125625
81.200000,0.125625
81.216000,0.071997
81.228000,0.071997
81.244000,0.071997
81.260000,0.106587
81.276000,0.111444
81.288000,0.111444
81.304000,0.111444
81.320000,0.050194
81.336000,0.050194
81.348000,0.101852
81.364000,0.114085
81.380000,0.075547
81.396000,0.075547
81.408000,0.075547
81.424000,0.095027
81.440000,0.095027
81.456000,0.095027
81.468000,0.069676
81.484000,0.061879
81.500000,0.061879
81.516000,0.117475
81.528000,0.073865
81.544000,0.073865
81.560000,0.073865
81.576000,0.053075
81.588000,0.097229
81.604000,0.097229
81.620000,0.054691
81.636000,0.054691
81.648000,0.054691
81.664000,0.104040
81.680000,0.073225
81.696000,0.073225
81.708000,0.073225
81.724000,0.053693
81.740000,0.098049
81.756000,0.098049
81.768000,0.074999
81.784000,0.069652
81.800000,0.069652
81.816000,0.056018
81.828000,0.093233
81.844000,0.093233
81.860000,0.067271
81.876000,0.069798
81.888000,0.069798
81.904000,0.120078
81.920000,0.076413
81.936000,0.076413
81.948000,0.076413
81.964000,0.064718
81.980000,0.106828
81.996000,0.106828
82.008000,0.106828
82.024000,0.078309
82.040000,0.078309
82.056000,0.078309
82.068000,0.098950
82.084000,0.098950
82.100000,0.098950
82.116000,0.073960
82.128000,0.071108
82.144000,0.110517
82.160000,0.110517
82.176000,0.089399
82.188000,0.089399
82.204000,0.089399
82.220000,0.108525
82.236000,0.103128
82.248000,0.103128
82.264000,0.089651
82.280000,0.085312
82.296000,0.085312
82.308000,0.135667
82.324000,0.090270
82.340000,0.090270
82.356000,0.090270
82.368000,0.080333
82.384000,0.122111
82.400000,0.122111
82.416000,0.122111
82.428000,0.080377
82.444000,0.080377
82.460000,0.127916
82.476000,0.113151
82.488000,0.104521
82.504000,0.104521
82.520000,0.079884
82.536000,0.075319
82.548000,0.121615
82.564000,0.121615
82.580000,0.104669
82.596000,0.104669
82.608000,0.104669
82.624000,0.117653
82.640000,0.117653
82.656000,0.117653
82.668000,0.101061
82.684000,0.089581
82.700000,0.089581
82.716000,0.143231
82.728000,0.096683
82.744000,0.096683
82.760000,0.096683
82.776000,0.086022
82.788000,0.140974
82.804000,0.140974
82.820000,0.091821
82.836000,0.091821
82.848000,0.091821
82.864000,0.125450
82.880000,0.122789
82.896000,0.122789
82.908000,0.122789
82.924000,0.076608
82.940000,0.133256
82.956000,0.133256
82.968000,0.107323
82.984000,0.104655
83.000000,0.104655
83.016000,0.104655
83.028000,0.102734
83.044000,0.102734
83.060000,0.102734
83.076000,0.085748
83.088000,0.085748
83.104000,0.144046
83.120000,0.112487
83.136000,0.105396
83.148000,0.098400
83.164000,0.098400
83.180000,0.164662
83.196000,0.114665
83.208000,0.114665
83.224000,0.114665
83.240000,0.094829
83.256000,0.089462
83.268000,0.147850
83.284000,0.147850
83.300000,0.085302
83.316000,0.085302
83.328000,0.085302
83.344000,0.123803
83.360000,0.108705
83.376000,0.108705
83.388000,0.108705
83.404000,0.081265
83.420000,0.081265
83.436000,0.141836
83.448000,0.082550
83.464000,0.082550
83.480000,0.082550
83.496000,0.058610
83.508000,0.119671
83.524000,0.119671
83.540000,0.091951
83.556000,0.091951
83.568000,0.091951
83.584000,0.102521
83.600000,0.102521
83.616000,0.102521
83.628000,0.102521
83.644000,0.070352
83.660000,0.063988
83.676000,0.121354
83.688000,0.121354
83.704000,0.079877
83.720000,0.079877
83.736000,0.079877
83.748000,0.097620
83.764000,0.090572
83.780000,0.090572
83.796000,0.090572
83.808000,0.060622
83.824000,0.108091
83.840000,0.108091
83.856000,0.078718
83.868000,0.078718
83.884000,0.078718
83.900000,0.078718
83.916000,0.102096
83.928000,0.102096
83.944000,0.102096
83.960000,0.065487
83.976000,0.065487
83.988000,0.115531
84.004000,0.084505
84.020000,0.084505
84.036000,0.084505
84.048000,0.084505
84.064000,0.103305
84.080000,0.103305
84.096000,0.103305
84.108000,0.069225
84.124000,0.069225
84.140000,0.118016
84.156000,0.087489
84.168000,0.087489
84.184000,0.087489
84.200000,0.087489
84.216000,0.063532
84.228000,0.104430
84.244000,0.104430
84.260000,0.079850
84.276000,0.077845
84.288000,0.077845
84.304000,0.126854
84.320000,0.084921
84.336000,0.079361
84.348000,0.079361
84.364000,0.069612
84.380000,0.103980
84.396000,0.103980
84.408000,0.103980
84.424000,0.077582
84.440000,0.077582
84.456000,0.077582
84.468000,0.105725
84.484000,0.094561
84.500000,0.094561
84.516000,0.094561
84.528000,0.070848
84.544000,0.102130
84.560000,0.102130
84.576000,0.079737
84.588000,0.076625
84.604000,0.076625
84.620000,0.070928
84.636000,0.099856
84.648000,0.099856
84.664000,0.099856
84.680000,0.082559
84.696000,0.082559
84.708000,0.129992
84.724000,0.086885
84.740000,0.086885
84.756000,0.086885
84.768000,0.081023
84.784000,0.107058
84.800000,0.107058
84.816000,0.107058
84.828000,0.084581
84.844000,0.086080
84.860000,0.128133
84.876000,0.098618
84.888000,0.090425
84.904000,0.090425
84.920000,0.090425
84.936000,0.080294
84.948000,0.112497
84.964000,0.112497
84.980000,0.087798
84.996000,0.084744
85.008000,0.084744
85.024000,0.124495
85.040000,0.103980
85.056000,0.103980
85.068000,0.103980
85.084000,0.081869
85.100000,0.109775
85.116000,0.109775
85.128000,0.109775
85.144000,0.089145
85.160000,0.089145
85.176000,0.080405
85.188000,0.103771
85.204000,0.103771
85.220000,0.103771
85.236000,0.085635
85.248000,0.085635
85.264000,0.129727
85.280000,0.129727
85.296000,0.090619
85.308000,0.090619
85.324000,0.090619
85.340000,0.076000
85.356000,0.099403
85.368000,0.099403
85.384000,0.099403
85.400000,0.080045
85.416000,0.080045
85.428000,0.120842
85.444000,0.093846
85.460000,0.089089
85.476000,0.089089
85.488000,0.074521
85.504000,0.109930
85.520000,0.109930
85.536000,0.109930
85.548000,0.077968
85.564000,0.077968
85.580000,0.120983
85.596000,0.095267
85.608000,0.095267
85.624000,0.095267
85.640000,0.077398
85.656000,0.073841
85.668000,0.116534
85.684000,0.090625
85.700000,0.085446
85.716000,0.085446
85.728000,0.085446
85.744000,0.106820
85.760000,0.106820
85.776000,0.106820
85.788000,0.071595
85.804000,0.071595
85.820000,0.118698
85.836000,0.094944
85.848000,0.094944
85.864000,0.094944
85.880000,0.068378
85.896000,0.065283
85.908000,0.107121
85.924000,0.107121
85.940000,0.080099
85.956000,0.080099
85.968000,0.080099
85.984000,0.091352
86.000000,0.091352
86.016000,0.091352
86.028000,0.072861
86.044000,0.070847
86.060000,0.122660
86.076000,0.122660
86.088000,0.081736
86.104000,0.081736
86.120000,0.081736
86.136000,0.062953
86.148000,0.104263
86.164000,0.104263
86.180000,0.070653
86.196000,0.065331
86.208000,0.065331
86.224000,0.118817
86.240000,0.093626
86.256000,0.093626
86.268000,0.093626
86.284000,0.062521
86.300000,0.106676
86.316000,0.106676
86.328000,0.106676
86.344000,0.076878
86.360000,0.076878
86.376000,0.076878
86.388000,0.095732
86.404000,0.095732
86.420000,0.095732
86.436000,0.065730
86.448000,0.065730
86.464000,0.121994
86.480000,0.091368
86.496000,0.078048
86.508000,0.078048
86.524000,0.078048
86.540000,0.136510
86.556000,0.089491
86.568000,0.089491
86.584000,0.089491
86.600000,0.060620
86.616000,0.058291
86.628000,0.115823
86.644000,0.115823
86.660000,0.072670
86.676000,0.077023
86.688000,0.077023
86.704000,0.108946
86.720000,0.091596
86.736000,0.091596
86.748000,0.091596
86.764000,0.060003
86.780000,0.122177
86.796000,0.122177
86.808000,0.122177
86.824000,0.084332
86.844000,0.084332
86.856000,0.084332
86.868000,0.107443
86.884000,0.112060
86.900000,0.112060
86.916000,0.056893
86.928000,0.049332
86.944000,0.106622
86.960000,0.106622
86.976000,0.086771
86.988000,0.086771
87.004000,0.086771
87.020000,0.122725
87.036000,0.115263
87.048000,0.115263
87.064000,0.115263
87.080000,0.073606
87.096000,0.073606
87.108000,0.112017
87.124000,0.074249
87.140000,0.074249
87.156000,0.074249
87.168000,0.055564
87.184000,0.115689
87.200000,0.115689
87.216000,0.076243
87.228000,0.076243
87.244000,0.076243
87.260000,0.047251
87.276000,0.110026
87.288000,0.110026
87.304000,0.110026
87.320000,0.053015
87.336000,0.053015
87.348000,0.113492
87.364000,0.091218
87.380000,0.091218
87.396000,0.091218
87.408000,0.066722
87.424000,0.120430
87.440000,0.120430
87.456000,0.120430
87.468000,0.074184
87.488000,0.078767
87.500000,0.139993
87.516000,0.081943
87.528000,0.073593
87.544000,0.073593
87.560000,0.073593
87.576000,0.056195
87.588000,0.113049
87.604000,0.113049
87.620000,0.075271
87.636000,0.068849
87.648000,0.068849
87.664000,0.108735
87.680000,0.094380
87.696000,0.094380
87.708000,0.094380
87.724000,0.056374
87.740000,0.101136
87.756000,0.101136
87.768000,0.084515
87.784000,0.081968
87.800000,0.081968
87.816000,0.081968
87.828000,0.093902
87.844000,0.093902
87.860000,0.093902
87.876000,0.069245
87.888000,0.064767
87.904000,0.117139
87.920000,0.117139
87.936000,0.080461
87.948000,0.083131
87.964000,0.083131
87.980000,0.139078
87.996000,0.098520
88.008000,0.098520
88.024000,0.098520
88.040000,0.072965
88.056000,0.072965
88.068000,0.125533
88.084000,0.104055
88.100000,0.092399
88.116000,0.092399
88.128000,0.092399
88.144000,0.110447
88.160000,0.110447
88.176000,0.110447
88.188000,0.084508
88.204000,0.079444
88.220000,0.131420
88.236000,0.131420
88.248000,0.095658
88.264000,0.090279
88.280000,0.090279
88.296000,0.090279
88.308000,0.122604
88.324000,0.114953
88.340000,0.114953
88.356000,0.114953
88.368000,0.087336
88.384000,0.135739
88.400000,0.135739
88.416000,0.135739
88.428000,0.092354
88.444000,0.092354
88.460000,0.142523
88.476000,0.124130
88.488000,0.124130
88.504000,0.124130
88.520000,0.080739
88.536000,0.076582
88.548000,0.118612
88.564000,0.103499
88.580000,0.100939
88.596000,0.100939
88.608000,0.100939
88.624000,0.118457
88.640000,0.111937
88.656000,0.111937
88.668000,0.111937
88.684000,0.089382
88.700000,0.137896
88.716000,0.137896
88.728000,0.096042
88.744000,0.096042
88.760000,0.096042
88.776000,0.082742
88.788000,0.129269
88.804000,0.129269
88.820000,0.096987
88.836000,0.091942
88.848000,0.091942
88.864000,0.142256
88.880000,0.110575
88.896000,0.110575
88.908000,0.110575
88.924000,0.074124
88.940000,0.117603
88.956000,0.117603
88.968000,0.105665
88.984000,0.099323
89.000000,0.099323
89.016000,0.080019
89.028000,0.114965
89.044000,0.114965
89.060000,0.114965
89.076000,0.083117
89.088000,0.083117
89.148000,0.087266
89.164000,0.087266
89.180000,0.102293
89.196000,0.102293
89.208000,0.102293
89.224000,0.102293
89.240000,0.085433
89.256000,0.080023
89.268000,0.129551
89.284000,0.129551
89.300000,0.086984
89.316000,0.086984
89.328000,0.086984
89.344000,0.138819
89.360000,0.100295
89.376000,0.100295
89.388000,0.100295
89.404000,0.067850
89.420000,0.116569
89.436000,0.098406
89.448000,0.085922
89.464000,0.085922
89.480000,0.085922
89.496000,0.061954
89.508000,0.104404
89.524000,0.104404
89.540000,0.076416
89.556000,0.076416
89.568000,0.076416
89.584000,0.086986
89.600000,0.086986
89.616000,0.086986
89.628000,0.086986
89.644000,0.066584
89.660000,0.114877
89.676000,0.114877
89.688000,0.074051
89.704000,0.072655
89.720000,0.072655
89.736000,0.072655
89.748000,0.081499
89.764000,0.081499
89.780000,0.081499
89.796000,0.058418
89.808000,0.058418
89.824000,0.105519
89.840000,0.088026
89.856000,0.076207
89.872000,0.076207
89.884000,0.076207
89.900000,0.094581
89.916000,0.094581
89.928000,0.094581
89.944000,0.068438
89.960000,0.068438
89.976000,0.068438
89.988000,0.080227
90.008000,0.080227
90.020000,0.080227
90.036000,0.061897
90.048000,0.057448
90.064000,0.099534
90.080000,0.068852
90.096000,0.064086
90.108000,0.064086
90.124000,0.064086
90.140000,0.088693
90.156000,0.088693
90.168000,0.088693
90.184000,0.054882
90.200000,0.054882
90.216000,0.054882
90.228000,0.102177
90.244000,0.074388
90.260000,0.074388
90.276000,0.074388
90.288000,0.053223
90.304000,0.090506
90.320000,0.090506
90.336000,0.074773
90.348000,0.069759
90.364000,0.069759
90.380000,0.121615
90.396000,0.081765
90.408000,0.081765
90.424000,0.081765
90.440000,0.063485
90.456000,0.063485
90.468000,0.112479
90.484000,0.082369
90.500000,0.082369
90.516000,0.082369
90.528000,0.053279
90.544000,0.095234
90.560000,0.095234
90.576000,0.095234
90.588000,0.074581
90.604000,0.074581
90.620000,0.074581
90.636000,0.092097
90.648000,0.092097
90.664000,0.092097
90.680000,0.056023
90.696000,0.056023
90.708000,0.100711
90.724000,0.084968
90.740000,0.079541
90.756000,0.079541
90.768000,0.079541
90.784000,0.103425
90.800000,0.103425
90.816000,0.103425
90.828000,0.062863
90.844000,0.062863
90.860000,0.062863
90.876000,0.101740
90.888000,0.088827
90.904000,0.088827
90.920000,0.063339
90.936000,0.058584
90.948000,0.110233
90.964000,0.110233
90.980000,0.078428
90.996000,0.078428
91.008000,0.078428
91.024000,0.083970
91.040000,0.083970
91.056000,0.083970
91.068000,0.075358
91.084000,0.064056
91.100000,0.064056
91.116000,0.120801
91.128000,0.084933
91.144000,0.084933
91.160000,0.084933
91.176000,0.061761
91.188000,0.118586
91.208000,0.118586
91.220000,0.071140
91.236000,0.071140
91.248000,0.071140
91.264000,0.102858
91.280000,0.100064
91.296000,0.100064
91.308000,0.100064
91.324000,0.062983
91.340000,0.062983
91.356000,0.122734
91.368000,0.087520
91.384000,0.087520
91.400000,0.087520
91.416000,0.056751
91.428000,0.108796
91.444000,0.108796
91.460000,0.108796
91.476000,0.070289
91.488000,0.070289
91.504000,0.129970
91.520000,0.086918
91.536000,0.078320
91.548000,0.078320
91.564000,0.078320
91.580000,0.047427
91.596000,0.103762
91.608000,0.103762
91.624000,0.072057
91.640000,0.072057
91.656000,0.072057
91.668000,0.134954
91.684000,0.098689
91.700000,0.098689
91.716000,0.098689
91.728000,0.047564
91.744000,0.104021
91.760000,0.104021
91.776000,0.090462
91.788000,0.082797
91.804000,0.082797
91.820000,0.082797
91.836000,0.100891
91.848000,0.100891
91.864000,0.100891
91.880000,0.064850
91.896000,0.053233
91.908000,0.109841
91.924000,0.109841
91.940000,0.084474
91.956000,0.084474
91.968000,0.084474
91.984000,0.106732
92.000000,0.106732
92.016000,0.106732
92.028000,0.069816
92.044000,0.069816
92.060000,0.069816
92.076000,0.095366
92.088000,0.088337
92.104000,0.088337
92.120000,0.063631
92.136000,0.050227
92.148000,0.104681
92.164000,0.104681
92.180000,0.077822
92.196000,0.077822
92.208000,0.077822
92.224000,0.096153
92.240000,0.096153
92.256000,0.096153
92.268000,0.077044
92.284000,0.075309
92.300000,0.131859
92.316000,0.078790
92.328000,0.078790
92.344000,0.078790
92.360000,0.078790
92.376000,0.059254
92.388000,0.111593
92.404000,0.111593
92.420000,0.083342
92.436000,0.083342
92.448000,0.083342
92.464000,0.063034
92.480000,0.120468
92.496000,0.120468
92.508000,0.120468
92.524000,0.070037
92.540000,0.116480
92.556000,0.098322
92.568000,0.091811
92.584000,0.091811
92.600000,0.091811
92.616000,0.064113
92.628000,0.115331
92.644000,0.115331
92.660000,0.084853
92.676000,0.084853
92.688000,0.084853
92.704000,0.115738
92.720000,0.100949
92.736000,0.100949
92.748000,0.100949
92.764000,0.076834
92.780000,0.127620
92.796000,0.127620
92.808000,0.127620
92.824000,0.089737
92.840000,0.089737
92.856000,0.089737
92.868000,0.110031
92.884000,0.110031
92.900000,0.110031
92.916000,0.074237
92.928000,0.074237
92.944000,0.120729
92.960000,0.097698
92.976000,0.122943
92.988000,0.122943
93.004000,0.077276
93.020000,0.117729
93.036000,0.117729
93.048000,0.117729
93.064000,0.091337
93.080000,0.091337
93.096000,0.091337
93.108000,0.115934
93.124000,0.109212
93.140000,0.109212
93.156000,0.086026
93.168000,0.086026
93.184000,0.134099
93.200000,0.134099
93.216000,0.110975
93.228000,0.110975
93.244000,0.110975
93.260000,0.122599
93.276000,0.122599
93.288000,0.122599
93.304000,0.100239
93.320000,0.093331
93.336000,0.093331
93.348000,0.110142
93.364000,0.103947
93.380000,0.103947
93.396000,0.103947
93.408000,0.081745
93.424000,0.130775
93.440000,0.130775
93.456000,0.094006
93.468000,0.094006
93.484000,0.094006
93.500000,0.146476
93.516000,0.108490
93.528000,0.108490
93.544000,0.108490
93.560000,0.081978
93.576000,0.084360
93.588000,0.135051
93.604000,0.135051
93.620000,0.099850
93.636000,0.099850
93.648000,0.099850
93.664000,0.117904
93.680000,0.121956
93.696000,0.121956
93.708000,0.121956
93.724000,0.066113
93.740000,0.111855
93.756000,0.111855
93.768000,0.098926
93.784000,0.085304
93.800000,0.085304
93.816000,0.060050
93.828000,0.099870
93.844000,0.099870
93.860000,0.099870
93.876000,0.072407
93.888000,0.072407
93.904000,0.123354
93.920000,0.091829
93.936000,0.084965
93.948000,0.084965
93.964000,0.084965
93.980000,0.109415
93.996000,0.109415
94.008000,0.109415
94.024000,0.081858
94.040000,0.081858
94.056000,0.081858
94.068000,0.115502
94.084000,0.108474
94.100000,0.108474
94.116000,0.060638
94.128000,0.060638
94.144000,0.107063
94.160000,0.107063
94.176000,0.087425
94.188000,0.087425
94.204000,0.087425
94.220000,0.096096
94.236000,0.096096
94.248000,0.096096
94.264000,0.096096
94.280000,0.068547
94.296000,0.068547
94.308000,0.119860
94.324000,0.085805
94.340000,0.085805
94.356000,0.085805
94.368000,0.085805
94.384000,0.101272
94.400000,0.101272
94.416000,0.101272
94.428000,0.074579
94.444000,0.074579
94.460000,0.074579
94.476000,0.090334
94.488000,0.090334
94.504000,0.090334
94.520000,0.064628
94.536000,0.060203
94.548000,0.106814
94.564000,0.106814
94.580000,0.080817
94.596000,0.080817
94.608000,0.056205
94.624000,0.092370
94.640000,0.092370
94.656000,0.092370
94.668000,0.076516
94.684000,0.071752
94.700000,0.123329
94.716000,0.090248
94.728000,0.084820
94.744000,0.084820
94.760000,0.068216
94.776000,0.068216
94.788000,0.120379
94.804000,0.095942
94.820000,0.089946
94.836000,0.089946
94.848000,0.089946
94.864000,0.097882
94.880000,0.097882
94.896000,0.097882
94.908000,0.080474
94.924000,0.080474
94.940000,0.080474
94.956000,0.096869
94.968000,0.090421
94.984000,0.090421
95.000000,0.073188
95.016000,0.062716
95.028000,0.112035
95.044000,0.112035
95.060000,0.072311
95.076000,0.072311
95.088000,0.072311
95.104000,0.106847
95.120000,0.106847
95.136000,0.106847
95.148000,0.080527
95.164000,0.075283
95.180000,0.129819
95.196000,0.104278
95.208000,0.097748
95.224000,0.097748
95.240000,0.097748
95.256000,0.059767
95.268000,0.105998
95.284000,0.105998
95.300000,0.085623
95.316000,0.085623
95.328000,0.085623
95.344000,0.106141
95.360000,0.099058
95.376000,0.099058
95.388000,0.099058
95.404000,0.067158
95.420000,0.067158
95.436000,0.121180
95.448000,0.092531
95.464000,0.092531
95.480000,0.092531
95.496000,0.056889
95.508000,0.119877
95.524000,0.119877
95.540000,0.119877
95.556000,0.069893
95.568000,0.069893
95.584000,0.123750
95.600000,0.102513
95.616000,0.095731
95.628000,0.095731
95.644000,0.061632
95.660000,0.094408
95.676000,0.094408
95.688000,0.094408
95.704000,0.098288
95.720000,0.098288
95.736000,0.098288
95.748000,0.094609
95.764000,0.085944
95.780000,0.085944
95.796000,0.085944
95.808000,0.066059
95.824000,0.116851
95.840000,0.116851
95.856000,0.075995
95.868000,0.075995
95.884000,0.075995
95.900000,0.140641
95.916000,0.140641
95.928000,0.140641
95.944000,0.140641
95.960000,0.073509
95.976000,0.073509
95.988000,0.127297
96.004000,0.090637
96.020000,0.084069
96.036000,0.084069
96.048000,0.084069
96.064000,0.089955
96.080000,0.089955
96.096000,0.089955
96.108000,0.073473
96.124000,0.073473
96.140000,0.073473
96.156000,0.083939
96.168000,0.075542
96.184000,0.075542
96.200000,0.075542
96.216000,0.052507
96.228000,0.103408
96.244000,0.103408
96.260000,0.060993
96.276000,0.060993
96.288000,0.060993
96.304000,0.098678
96.320000,0.092474
96.336000,0.092474
96.348000,0.092474
96.364000,0.063324
96.380000,0.061235
96.396000,0.114289
96.408000,0.114289
96.424000,0.074931
96.440000,0.074931
96.456000,0.074931
96.468000,0.126644
96.484000,0.090737
96.500000,0.090737
96.516000,0.078862
96.528000,0.070275
96.544000,0.122593
96.560000,0.122593
96.576000,0.085080
96.588000,0.085080
96.604000,0.085080
96.620000,0.096348
96.636000,0.096348
96.648000,0.096348
96.664000,0.070577
96.680000,0.074292
96.696000,0.074292
96.708000,0.128526
96.724000,0.090332
96.740000,0.093338
96.756000,0.093338
96.768000,0.093338
96.784000,0.106538
96.800000,0.106538
96.816000,0.106538
96.828000,0.081912
96.844000,0.074597
96.860000,0.123384
96.876000,0.123384
96.888000,0.096351
96.904000,0.096351
96.920000,0.096351
96.936000,0.072250
96.948000,0.111071
96.964000,0.111071
96.980000,0.111071
96.996000,0.075658
97.008000,0.075658
97.024000,0.103742
97.040000,0.109334
97.056000,0.109334
97.068000,0.109334
97.084000,0.073578
97.100000,0.111111
97.116000,0.111111
97.128000,0.107519
97.144000,0.094911
97.160000,0.094911
97.176000,0.094911
97.188000,0.109394
97.204000,0.109394
97.220000,0.109394
97.236000,0.092916
97.248000,0.080006
97.264000,0.111987
97.280000,0.111987
97.296000,0.111987
97.308000,0.092227
97.324000,0.088475
97.340000,0.131832
97.356000,0.131832
97.368000,0.104645
97.384000,0.104645
97.400000,0.104645
97.416000,0.080000
97.428000,0.114730
97.444000,0.114730
97.460000,0.114730
97.476000,0.094679
97.488000,0.094679
97.504000,0.139542
97.520000,0.107082
97.536000,0.107082
97.548000,0.107082
97.564000,0.107082
97.580000,0.128928
97.596000,0.128928
97.608000,0.128928
97.624000,0.101710
97.640000,0.101710
97.656000,0.101710
97.668000,0.147147
97.684000,0.105071
97.700000,0.105071
97.716000,0.105071
97.728000,0.096771
97.744000,0.143602
97.760000,0.143602
97.776000,0.104341
97.788000,0.099477
97.804000,0.099477
97.820000,0.118564
97.836000,0.118564
97.848000,0.118564
97.864000,0.105752
97.880000,0.101130
97.896000,0.101130
97.908000,0.147618
97.924000,0.110162
97.940000,0.110162
97.956000,0.110162
97.968000,0.092817
97.984000,0.130249
98.000000,0.130249
98.016000,0.130249
98.028000,0.095084
98.044000,0.095084
98.060000,0.140944
98.076000,0.116487
98.088000,0.116487
98.104000,0.116487
98.120000,0.083528
98.136000,0.083528
98.148000,0.125568
98.164000,0.093620
98.180000,0.102446
98.196000,0.102446
98.208000,0.102446
98.224000,0.104799
98.240000,0.104799
98.256000,0.104799
98.268000,0.104799
98.284000,0.078892
98.300000,0.121665
98.316000,0.121665
98.328000,0.095736
98.344000,0.095736
98.360000,0.095736
98.376000,0.072936
98.388000,0.109309
98.404000,0.109309
98.420000,0.080625
98.436000,0.080625
98.448000,0.080625
98.464000,0.125778
98.480000,0.081778
98.496000,0.076495
98.508000,0.076495
98.524000,0.068490
98.540000,0.105098
98.556000,0.105098
98.568000,0.105098
98.584000,0.069451
98.600000,0.069451
98.616000,0.069451
98.628000,0.090565
98.644000,0.090265
98.660000,0.090265
98.676000,0.070704
98.688000,0.066027
98.704000,0.105869
98.720000,0.105869
98.736000,0.080269
98.748000,0.080269
98.764000,0.080269
98.780000,0.060851
98.796000,0.095613
98.808000,0.095613
98.824000,0.067250
98.840000,0.067250
98.856000,0.067250
98.868000,0.112903
98.884000,0.082450
98.900000,0.082450
98.916000,0.082450
98.928000,0.055442
98.944000,0.088102
98.960000,0.088102
98.976000,0.066479
98.988000,0.061871
99.004000,0.061871
99.020000,0.109802
99.036000,0.080627
99.048000,0.080627
99.064000,0.080627
99.080000,0.055121
99.096000,0.055121
99.108000,0.096056
99.124000,0.069766
99.140000,0.069766
99.156000,0.069766
99.168000,0.069766
99.184000,0.078407
99.200000,0.078407
99.216000,0.078407
99.228000,0.056864
99.244000,0.056864
99.260000,0.105915
99.276000,0.076152
99.288000,0.076152
99.304000,0.076152
99.320000,0.049642
99.336000,0.049642
99.348000,0.086930
99.364000,0.086930
99.380000,0.054958
99.396000,0.054958
99.408000,0.054958
99.424000,0.103127
99.440000,0.074313
99.456000,0.074313
99.468000,0.074313
99.484000,0.045691
99.500000,0.083459
99.516000,0.083459
99.528000,0.057288
99.544000,0.057288
99.560000,0.057288
99.576000,0.060526
99.588000,0.077168
99.604000,0.077168
99.624000,0.077168
99.636000,0.051803
99.648000,0.046550
99.664000,0.095516
99.680000,0.095516
99.696000,0.049491
99.708000,0.049491
99.724000,0.049491
99.740000,0.038272
99.756000,0.077576
99.768000,0.077576
99.784000,0.050596
99.800000,0.045609
99.816000,0.045609
99.828000,0.067930
99.844000,0.066992
99.860000,0.066992
99.876000,0.042761
99.888000,0.036584
99.904000,0.080945
99.920000,0.080945
99.936000,0.053405
99.948000,0.053405
99.964000,0.053405
99.980000,0.077640
99.996000,0.077640
100.008000,0.077640
100.024000,0.045166
100.040000,0.045166
100.056000,0.045166
100.068000,0.076826
100.084000,0.070153
100.100000,0.070153
100.116000,0.035638
100.128000,0.035638
100.144000,0.085984
100.160000,0.085984
100.176000,0.061362
100.188000,0.061362
100.204000,0.061362
100.220000,0.077000
100.236000,0.077000
100.248000,0.077000
100.264000,0.043885
100.280000,0.047035
100.296000,0.047035
100.308000,0.104573
100.324000,0.060761
100.340000,0.060761
100.356000,0.060761
100.368000,0.040369
100.384000,0.094907
100.400000,0.094907
100.416000,0.059122
100.428000,0.059122
100.444000,0.059122
100.460000,0.078426
100.476000,0.078426
100.488000,0.078426
100.504000,0.060848
100.520000,0.049286
100.536000,0.049286
100.548000,0.107248
100.564000,0.104810
100.580000,0.104810
100.596000,0.104810
100.608000,0.048439
100.624000,0.089854
100.640000,0.089854
100.656000,0.089854
100.668000,0.088773
100.684000,0.088773
100.700000,0.150631
100.716000,0.083526
100.728000,0.083526
100.744000,0.083526
100.760000,0.058047
100.776000,0.058047
100.788000,0.113834
100.804000,0.089053
100.820000,0.082691
100.836000,0.082691
100.848000,0.082691
100.864000,0.093597
100.880000,0.093597
100.896000,0.093597
100.908000,0.070467
100.924000,0.064969
100.940000,0.119128
100.956000,0.096542
100.968000,0.090108
100.984000,0.090108
101.000000,0.090108
101.016000,0.062042
101.032000,0.117853
101.044000,0.117853
101.060000,0.088442
101.076000,0.088442
101.088000,0.088442
101.104000,0.123839
101.120000,0.123839
101.136000,0.123839
101.148000,0.080127
101.164000,0.080127
101.180000,0.136558
101.196000,0.103293
101.208000,0.103293
101.224000,0.103293
101.240000,0.085864
101.256000,0.079948
101.268000,0.135743
101.284000,0.099188
101.300000,0.092868
101.316000,0.092868
101.328000,0.073152
101.344000,0.123529
101.360000,0.123529
101.376000,0.123529
101.388000,0.076103
101.404000,0.076103
101.420000,0.076103
101.436000,0.110594
101.448000,0.110594
101.464000,0.110594
101.480000,0.077615
101.496000,0.077615
101.508000,0.130653
101.524000,0.102108
101.540000,0.102108
101.556000,0.102108
101.568000,0.076241
101.584000,0.113741
101.600000,0.113741
101.616000,0.092789
101.628000,0.087217
101.644000,0.087217
101.660000,0.128074
101.676000,0.119850
101.688000,0.119850
101.704000,0.119850
101.720000,0.081161
101.736000,0.081161
101.748000,0.130926
101.764000,0.101927
101.780000,0.105800
101.796000,0.105800
101.812000,0.074858
101.824000,0.117412
101.840000,0.117412
101.856000,0.117412
101.872000,0.115217
101.884000,0.115217
101.900000,0.172419
101.916000,0.098698
101.928000,0.098698
101.944000,0.098698
101.960000,0.072100
101.976000,0.074001
101.988000,0.120908
102.004000,0.120908
102.020000,0.081831
102.036000,0.081831
102.048000,0.081831
102.064000,0.110384
102.084000,0.110384
102.096000,0.110384
102.108000,0.076201
102.124000,0.076201
102.140000,0.125307
102.156000,0.092306
102.168000,0.084953
102.184000,0.084953
102.200000,0.075023
102.216000,0.065887
102.228000,0.111308
102.244000,0.111308
102.260000,0.079352
102.276000,0.079352
102.288000,0.079352
102.304000,0.122377
102.320000,0.094978
102.336000,0.094978
102.348000,0.094978
102.364000,0.068173
102.380000,0.107879
102.396000,0.107879
102.408000,0.085994
102.424000,0.085994
102.440000,0.085994
102.456000,0.066325
102.468000,0.104171
102.484000,0.104171
102.500000,0.088087
102.516000,0.082874
102.528000,0.082874
102.544000,0.133161
102.560000,0.082632
102.576000,0.082632
102.588000,0.082632
102.604000,0.066642
102.620000,0.102407
102.636000,0.102407
102.648000,0.102407
102.664000,0.078794
102.680000,0.078794
102.696000,0.078794
102.708000,0.091424
102.724000,0.091424
102.740000,0.091424
102.756000,0.067061
102.768000,0.067061
102.784000,0.109849
102.800000,0.120320
102.816000,0.120320
102.828000,0.120320
102.844000,0.071815
102.860000,0.102865
102.876000,0.102865
102.888000,0.102865
102.904000,0.081276
102.920000,0.081276
102.936000,0.081276
102.948000,0.087667
102.964000,0.080897
102.980000,0.080897
102.996000,0.069362
103.008000,0.069362
103.024000,0.114756
103.040000,0.119085
103.056000,0.084689
103.068000,0.084689
103.084000,0.084689
103.100000,0.100655
103.116000,0.098218
103.128000,0.098218
103.144000,0.098218
103.160000,0.061633
103.176000,0.059252
103.188000,0.101053
103.204000,0.085791
103.220000,0.073994
103.236000,0.073994
103.248000,0.073994
103.264000,0.089595
103.280000,0.089595
103.296000,0.089595
103.308000,0.061772
103.324000,0.053539
103.340000,0.098017
103.356000,0.098017
103.368000,0.064794
103.384000,0.064794
103.400000,0.064794
103.416000,0.045118
103.428000,0.088653
103.444000,0.088653
103.460000,0.063556
103.476000,0.063556
103.488000,0.109142
103.504000,0.113892
103.520000,0.084899
103.536000,0.084899
103.548000,0.084899
103.564000,0.083309
103.584000,0.083309
103.596000,0.083309
103.608000,0.083309
103.624000,0.051619
103.640000,0.102945
103.656000,0.102945
103.668000,0.078067
103.684000,0.071782
103.700000,0.071782
103.716000,0.048489
103.728000,0.090538
103.744000,0.090538
103.760000,0.090538
103.780000,0.061014
103.788000,0.061014
103.804000,0.117341
103.820000,0.073018
103.836000,0.073018
103.848000,0.073018
103.864000,0.073018
103.880000,0.097867
103.896000,0.084137
103.908000,0.084137
103.924000,0.084137
103.940000,0.061109
103.956000,0.061109
103.968000,0.118291
103.984000,0.073826
104.056000,0.105589
104.072000,0.068500
104.088000,0.062169
104.104000,0.062169
104.116000,0.062169
104.132000,0.091482
104.148000,0.091482
104.164000,0.091482
104.176000,0.048978
104.192000,0.048978
104.208000,0.103085
104.224000,0.072411
104.236000,0.072411
104.252000,0.072411
104.268000,0.058458
104.284000,0.100338
104.296000,0.100338
104.312000,0.100338
104.328000,0.067472
104.344000,0.067472
104.356000,0.067472
104.372000,0.094864
104.388000,0.094864
104.404000,0.094864
104.416000,0.094864
104.432000,0.059684
104.448000,0.113766
104.464000,0.113766
104.476000,0.089572
104.492000,0.089572
104.508000,0.089572
104.524000,0.104525
104.536000,0.104525
104.552000,0.104525
104.568000,0.073529
104.584000,0.076462
104.596000,0.076462
104.612000,0.131629
104.628000,0.089762
104.644000,0.089762
104.656000,0.089762
104.672000,0.070994
104.688000,0.115869
104.704000,0.115869
104.716000,0.083990
104.732000,0.083990
104.748000,0.083990
104.764000,0.107100
104.776000,0.110659
104.792000,0.110659
104.808000,0.110659
104.824000,0.079753
104.836000,0.079753
104.852000,0.103883
104.868000,0.103883
104.884000,0.103883
104.896000,0.103883
104.912000,0.072682
104.928000,0.114934
104.944000,0.114934
104.956000,0.114934
104.972000,0.086597
104.988000,0.086597
105.004000,0.139437
105.016000,0.103298
105.032000,0.097091
105.048000,0.097091
105.064000,0.097091
105.076000,0.075654
105.092000,0.117851
105.108000,0.117851
105.124000,0.092730
105.136000,0.092730
105.152000,0.092730
105.168000,0.146407
105.184000,0.146407
105.196000,0.146407
105.212000,0.087478
105.228000,0.082974
105.244000,0.130276
105.256000,0.130276
105.272000,0.100528
105.368000,0.090135
105.384000,0.084977
105.400000,0.136008
105.416000,0.126593
105.428000,0.113270
105.444000,0.113270
105.460000,0.113270
105.476000,0.086111
105.488000,0.124649
105.504000,0.124649
105.520000,0.124649
105.536000,0.091459
105.548000,0.091459
105.564000,0.144042
105.580000,0.100178
105.596000,0.100178
105.608000,0.100178
105.624000,0.076246
105.640000,0.124605
105.656000,0.124605
105.668000,0.124605
105.684000,0.087565
105.700000,0.087565
105.716000,0.087565
105.728000,0.109993
105.744000,0.109993
105.760000,0.109993
105.776000,0.109993
105.788000,0.065853
105.804000,0.113852
105.820000,0.113852
105.836000,0.095830
105.848000,0.095830
105.864000,0.095830
105.880000,0.108935
105.896000,0.108935
105.908000,0.108935
105.924000,0.081527
105.940000,0.081527
105.956000,0.081527
105.968000,0.136931
105.984000,0.104870
106.000000,0.098237
106.016000,0.098237
106.028000,0.098237
106.044000,0.106089
106.060000,0.106089
106.076000,0.106089
106.088000,0.072681
106.104000,0.076001
106.120000,0.131044
106.136000,0.102673
106.148000,0.092853
106.164000,0.092853
106.180000,0.092853
106.196000,0.059454
106.208000,0.107294
106.224000,0.107294
106.240000,0.081987
106.256000,0.081987
106.272000,0.081987
106.284000,0.097364
106.300000,0.090623
106.316000,0.090623
106.332000,0.090623
106.344000,0.062778
106.360000,0.102083
106.376000,0.102083
106.388000,0.102083
106.404000,0.069078
106.420000,0.069078
106.436000,0.069078
106.448000,0.083582
106.464000,0.083582
106.480000,0.083582
106.496000,0.062849
106.508000,0.062849
106.524000,0.114463
106.540000,0.070781
106.556000,0.064514
106.568000,0.064514
106.584000,0.064514
106.600000,0.120959
106.616000,0.084200
106.628000,0.084200
106.644000,0.084200
106.660000,0.058081
106.676000,0.058081
106.688000,0.100874
106.704000,0.077829
106.720000,0.072480
106.736000,0.072480
106.748000,0.072480
106.764000,0.079450
106.780000,0.079450
106.796000,0.079450
106.808000,0.058918
106.824000,0.058918
106.840000,0.097326
106.856000,0.084175
106.868000,0.079090
106.884000,0.079090
106.900000,0.064959
106.916000,0.064959
