50.820000,0.110397,2.545863
50.832000,0.110397,2.545863
50.848000,0.155975,2.545863
50.864000,0.111050,2.540869
50.880000,0.111050,2.540869
50.892000,0.111050,2.540869
50.908000,0.098258,2.544105
50.924000,0.094976,2.544298
50.940000,0.135338,2.544298
50.952000,0.135338,2.544298
50.968000,0.105648,2.544495
50.984000,0.103534,2.543761
51.000000,0.103534,2.543761
51.012000,0.116000,2.542368
51.028000,0.110461,2.542133
51.044000,0.110461,2.542133
51.060000,0.110461,2.542133
51.072000,0.088665,2.538958
51.088000,0.122178,2.538403
51.104000,0.122178,2.538403
51.120000,0.092102,2.534553
51.132000,0.092102,2.534553
51.148000,0.092102,2.534553
51.164000,0.079459,2.531977
51.180000,0.113158,2.531281
51.192000,0.113158,2.531281
51.208000,0.113158,2.531281
51.224000,0.079451,2.525301
51.240000,0.079451,2.525301
51.252000,0.122310,2.525301
51.268000,0.092385,2.520711
51.284000,0.092385,2.520711
51.300000,0.092385,2.520711
51.312000,0.067921,2.517071
51.328000,0.099006,2.516351
51.344000,0.099006,2.516351
51.360000,0.099006,2.516351
51.372000,0.076414,2.510946
51.388000,0.076414,2.510946
51.404000,0.076414,2.510946
51.420000,0.081456,2.501638
51.432000,0.081456,2.501638
51.448000,0.081456,2.501638
51.464000,0.080234,2.500195
51.480000,0.059438,2.491305
51.492000,0.100750,2.491305
51.508000,0.066789,2.478414
51.524000,0.062013,2.476055
51.540000,0.062013,2.476055
51.552000,0.062013,2.476055
51.568000,0.084693,2.463927
51.584000,0.078153,2.460969
51.600000,0.072000,2.458011
51.612000,0.072000,2.458011
51.628000,0.072000,2.458011
51.644000,0.050134,2.437006
51.660000,0.066864,2.428126
51.672000,0.066864,2.428126
51.688000,0.066864,2.428126
51.704000,0.051033,2.417940
51.720000,0.049861,2.412037
51.732000,0.077433,2.412037
51.748000,0.077433,2.412037
51.764000,0.055199,2.396160
51.780000,0.055199,2.396160
51.792000,0.055199,2.396160
51.808000,0.066684,2.370820
51.824000,0.061670,2.366525
51.840000,0.061670,2.366525
51.852000,0.061670,2.366525
51.868000,0.050159,2.347585
51.884000,0.049808,2.342629
51.900000,0.080083,2.342629
51.916000,0.054167,2.314531
51.928000,0.051969,2.309311
51.944000,0.051969,2.309311
51.960000,0.051969,2.309311
51.972000,0.065961,2.280920
51.988000,0.065961,2.280920
52.004000,0.065961,2.280920
52.020000,0.052316,2.241026
52.032000,0.052316,2.241026
52.048000,0.052316,2.241026
52.064000,0.083179,2.244205
52.080000,0.061178,2.216546
52.092000,0.061178,2.216546
52.108000,0.061178,2.216546
52.124000,0.058301,2.176520
52.140000,0.071048,2.176520
52.152000,0.071048,2.176520
52.168000,0.058826,2.151626
52.184000,0.057378,2.144759
52.200000,0.057378,2.144759
52.212000,0.082344,2.127926
52.228000,0.072770,2.113706
52.244000,0.072770,2.113706
52.260000,0.060068,2.074460
52.272000,0.059642,2.071333
52.288000,0.059642,2.071333
52.304000,0.088316,2.071333
52.320000,0.066244,2.030543
52.332000,0.066244,2.030543
52.348000,0.066244,2.030543
52.364000,0.062442,1.995185
52.380000,0.078980,1.987437
52.392000,0.078980,1.987437
52.408000,0.078980,1.987437
52.424000,0.063680,1.937937
52.440000,0.063680,1.937937
52.452000,0.091130,1.937937
52.468000,0.075034,1.911083
52.484000,0.071845,1.903653
52.500000,0.071845,1.903653
52.512000,0.071845,1.903653
52.528000,0.088074,1.866640
52.544000,0.088074,1.866640
52.560000,0.088074,1.866640
52.572000,0.074509,1.842590
52.588000,0.074509,1.842590
52.660000,0.080006,1.783562
52.676000,0.108581,1.772697
52.692000,0.108581,1.772697
52.708000,0.108581,1.772697
52.720000,0.082327,1.736714
52.736000,0.082327,1.736714
52.752000,0.131745,1.736714
52.768000,0.118593,1.722870
52.780000,0.118593,1.722870
52.796000,0.118593,1.722870
52.812000,0.075135,1.668199
52.828000,0.115777,1.661950
52.840000,0.115777,1.661950
52.856000,0.115777,1.661950
52.872000,0.091405,1.636051
52.888000,0.091405,1.636051
52.900000,0.091405,1.636051
52.916000,0.101696,1.602410
52.932000,0.101696,1.602410
52.948000,0.101696,1.602410
52.960000,0.101696,1.602410
52.976000,0.077496,1.581067
52.992000,0.127397,1.581067
53.008000,0.127397,1.581067
53.020000,0.088715,1.551510
53.036000,0.088715,1.551510
53.052000,0.088715,1.551510
53.068000,0.138243,1.551139
53.080000,0.109299,1.532840
53.096000,0.109299,1.532840
53.112000,0.109299,1.532840
53.128000,0.077430,1.511534
53.140000,0.077430,1.511534
53.156000,0.129381,1.511534
53.172000,0.100754,1.496518
53.188000,0.091213,1.490872
53.200000,0.091213,1.490872
53.216000,0.091213,1.490872
53.232000,0.105151,1.471349
53.248000,0.105151,1.471349
53.260000,0.105151,1.471349
53.276000,0.078540,1.460052
53.292000,0.067342,1.454191
53.308000,0.120021,1.454191
53.320000,0.120021,1.454191
53.336000,0.095085,1.446993
53.352000,0.086767,1.443896
53.368000,0.086767,1.443896
53.380000,0.086767,1.443896
53.396000,0.101735,1.428720
53.412000,0.101735,1.428720
53.428000,0.101735,1.428720
53.440000,0.082982,1.421769
53.456000,0.074927,1.418574
53.472000,0.130018,1.418574
53.488000,0.086045,1.402597
53.500000,0.090375,1.404205
53.516000,0.090375,1.404205
53.532000,0.090375,1.404205
53.548000,0.052502,1.386739
53.560000,0.093352,1.383981
53.576000,0.093352,1.383981
53.592000,0.093352,1.383981
53.608000,0.068315,1.373169
53.620000,0.068315,1.373169
53.636000,0.124192,1.373169
53.652000,0.074350,1.352708
53.668000,0.066499,1.349020
53.680000,0.066499,1.349020
53.696000,0.066499,1.349020
53.712000,0.102742,1.343730
53.736000,0.102742,1.343730
53.740000,0.102742,1.343730
53.756000,0.061305,1.326254
53.772000,0.061305,1.326254
53.788000,0.061305,1.326254
53.800000,0.095925,1.316589
53.816000,0.088945,1.313373
53.832000,0.088945,1.313373
53.848000,0.054447,1.293169
53.860000,0.045896,1.284387
53.876000,0.089809,1.284387
53.892000,0.089809,1.284387
53.908000,0.071798,1.272595
53.920000,0.071798,1.272595
53.936000,0.071798,1.272595
53.952000,0.083515,1.246258
53.968000,0.083515,1.246258
53.980000,0.083515,1.246258
53.996000,0.063097,1.230359
54.012000,0.061070,1.227940
54.028000,0.061070,1.227940
54.040000,0.114143,1.227940
54.056000,0.068239,1.193272
54.072000,0.068239,1.193272
54.088000,0.068239,1.193272
54.100000,0.053949,1.180939
54.116000,0.103217,1.180939
54.132000,0.103217,1.180939
54.148000,0.064108,1.149978
54.160000,0.064108,1.149978
54.176000,0.064108,1.149978
54.192000,0.087933,1.126599
54.208000,0.087933,1.126599
54.220000,0.087933,1.126599
54.236000,0.067849,1.104859
54.252000,0.058272,1.090415
54.268000,0.102261,1.090415
54.280000,0.102261,1.090415
54.296000,0.073682,1.059965
54.312000,0.073682,1.059965
54.328000,0.073682,1.059965
54.340000,0.062286,1.041379
54.356000,0.100960,1.034795
54.372000,0.100960,1.034795
54.388000,0.067940,0.991367
54.400000,0.067940,0.991367
54.416000,0.067940,0.991367
54.432000,0.092424,0.964823
54.448000,0.079371,0.946612
54.460000,0.079371,0.946612
54.476000,0.079371,0.946612
54.492000,0.064256,0.912082
54.508000,0.101728,0.912082
54.520000,0.101728,0.912082
54.536000,0.084309,0.892718
54.552000,0.087232,0.896161
54.568000,0.087232,0.896161
54.580000,0.087232,0.896161
54.596000,0.094784,0.844159
54.612000,0.094784,0.844159
54.628000,0.094784,0.844159
54.640000,0.078319,0.816687
54.656000,0.074112,0.807258
54.672000,0.117375,0.807258
54.688000,0.085178,0.759558
54.700000,0.085178,0.759558
54.716000,0.085178,0.759558
54.732000,0.085178,0.759558
54.748000,0.106016,0.720879
54.760000,0.106016,0.720879
54.776000,0.106016,0.720879
54.792000,0.081062,0.676568
54.808000,0.079498,0.673166
54.820000,0.079498,0.673166
54.836000,0.124431,0.673166
54.852000,0.087582,0.614303
54.868000,0.087582,0.614303
54.880000,0.087582,0.614303
54.896000,0.075548,0.585671
54.912000,0.115673,0.585671
54.928000,0.115673,0.585671
54.940000,0.090259,0.553675
54.956000,0.090259,0.553675
54.972000,0.090259,0.553675
54.988000,0.105035,0.511247
55.000000,0.105035,0.511247
55.016000,0.105035,0.511247
55.032000,0.091167,0.497391
55.048000,0.086808,0.491355
55.060000,0.086808,0.491355
55.076000,0.133151,0.491355
55.092000,0.096789,0.458075
55.108000,0.096789,0.458075
55.120000,0.096789,0.458075
55.136000,0.081086,0.448788
55.152000,0.120663,0.444173
55.168000,0.120663,0.444173
55.180000,0.104729,0.437615
55.196000,0.096841,0.433425
55.212000,0.096841,0.433425
55.228000,0.122720,0.427124
55.240000,0.114088,0.430119
