97.904000,0.177873,2.423332
97.916000,0.177873,2.423332
97.932000,0.177873,2.423332
97.948000,0.192685,2.414377
97.964000,0.172698,2.414377
97.976000,0.172698,2.414377
97.992000,0.176750,2.405271
98.008000,0.178549,2.403138
98.024000,0.178549,2.403138
98.036000,0.178549,2.403138
98.052000,0.173574,2.387808
98.068000,0.173574,2.387808
98.084000,0.173574,2.387808
98.096000,0.178997,2.371142
98.112000,0.180683,2.368017
98.128000,0.173919,2.368017
98.144000,0.173033,2.352038
98.156000,0.173033,2.352038
98.172000,0.173033,2.352038
98.188000,0.173033,2.352038
98.204000,0.171665,2.327179
98.216000,0.171665,2.327179
98.232000,0.171665,2.327179
98.248000,0.172995,2.300444
98.264000,0.172995,2.300444
98.276000,0.172995,2.300444
98.292000,0.174412,2.286105
98.308000,0.173467,2.281319
98.324000,0.173467,2.281319
98.336000,0.173467,2.281319
98.352000,0.170594,2.255955
98.368000,0.180514,2.255955
98.384000,0.180514,2.255955
98.396000,0.170162,2.225688
98.412000,0.169073,2.220013
98.428000,0.169073,2.220013
98.444000,0.172786,2.189860
98.456000,0.183180,2.212207
98.472000,0.183180,2.212207
98.488000,0.183180,2.212207
98.504000,0.163390,2.163154
98.516000,0.163390,2.163154
98.532000,0.168934,2.133844
98.548000,0.163211,2.120414
98.564000,0.163211,2.120414
98.576000,0.163211,2.120414
98.592000,0.153648,2.093606
98.608000,0.174853,2.093606
98.624000,0.174853,2.093606
98.636000,0.149688,2.042958
98.652000,0.146874,2.033844
98.668000,0.146874,2.033844
98.684000,0.158885,2.015853
98.696000,0.156803,2.012896
98.712000,0.156803,2.012896
98.728000,0.156803,2.012896
98.744000,0.135322,1.964728
98.756000,0.135322,1.964728
98.772000,0.158509,1.964728
98.788000,0.144653,1.943636
98.804000,0.140278,1.935881
98.816000,0.140278,1.935881
98.832000,0.140278,1.935881
98.848000,0.131305,1.872761
98.864000,0.131305,1.872761
98.876000,0.131305,1.872761
98.892000,0.119377,1.852488
98.908000,0.119377,1.852488
98.924000,0.153578,1.852488
98.936000,0.127717,1.819650
98.952000,0.122567,1.812056
98.968000,0.122567,1.812056
98.984000,0.104468,1.779834
98.996000,0.106189,1.785124
99.012000,0.139237,1.785124
99.028000,0.139237,1.785124
99.044000,0.095853,1.725254
99.060000,0.095853,1.725254
99.072000,0.095853,1.725254
99.088000,0.108622,1.704205
99.104000,0.102666,1.696889
99.116000,0.102666,1.696889
99.132000,0.102666,1.696889
99.148000,0.080052,1.652149
99.164000,0.102420,1.652149
99.180000,0.102420,1.652149
99.192000,0.081766,1.629051
99.208000,0.077851,1.622458
99.224000,0.077851,1.622458
99.236000,0.077851,1.622458
99.252000,0.081029,1.589317
99.268000,0.081029,1.589317
99.284000,0.081029,1.589317
99.296000,0.064642,1.558724
99.312000,0.065314,1.552988
99.328000,0.081902,1.552988
99.344000,0.064694,1.535608
99.356000,0.061643,1.530146
99.372000,0.061643,1.530146
99.388000,0.061643,1.530146
99.404000,0.061990,1.503490
99.416000,0.061990,1.503490
99.432000,0.061990,1.503490
99.448000,0.062260,1.476719
99.464000,0.062260,1.476719
99.476000,0.062260,1.476719
99.492000,0.062890,1.476719
99.508000,0.055914,1.456079
99.524000,0.055914,1.456079
99.536000,0.055914,1.456079
99.552000,0.071544,1.444163
99.568000,0.052789,1.443651
99.584000,0.052789,1.443651
99.596000,0.052789,1.443651
99.612000,0.068374,1.421785
99.628000,0.068374,1.421785
99.644000,0.055669,1.421785
99.656000,0.052225,1.411320
99.672000,0.052225,1.411320
99.688000,0.052225,1.411320
99.704000,0.082713,1.392091
99.716000,0.089745,1.389054
99.732000,0.053586,1.389054
99.748000,0.053586,1.389054
99.764000,0.066176,1.378972
99.776000,0.071729,1.376099
99.792000,0.071729,1.376099
99.808000,0.063123,1.361006
99.824000,0.063123,1.361006
99.836000,0.063123,1.361006
99.852000,0.063123,1.361006
99.868000,0.107024,1.341908
99.884000,0.066825,1.341908
99.896000,0.066825,1.341908
99.912000,0.089604,1.329116
99.928000,0.089604,1.329116
99.944000,0.089604,1.329116
99.956000,0.112012,1.319042
99.972000,0.074234,1.317944
99.988000,0.074234,1.317944
100.004000,0.101720,1.301640
100.016000,0.108201,1.298592
100.032000,0.108201,1.298592
100.048000,0.077604,1.298592
100.064000,0.098959,1.280369
100.076000,0.104518,1.277117
100.092000,0.104518,1.277117
100.108000,0.104518,1.277117
100.124000,0.093182,1.262006
100.136000,0.093182,1.262006
100.152000,0.093182,1.262006
100.168000,0.113734,1.244249
100.184000,0.119233,1.240578
100.196000,0.119233,1.240578
100.212000,0.105678,1.223571
100.228000,0.105678,1.223571
100.244000,0.105678,1.223571
100.256000,0.105678,1.223571
100.272000,0.148192,1.189403
100.288000,0.114560,1.189403
100.304000,0.114560,1.189403
100.316000,0.128252,1.173429
100.332000,0.128252,1.173429
100.348000,0.128252,1.173429
100.364000,0.118428,1.154829
100.376000,0.124048,1.145048
100.392000,0.124048,1.145048
100.408000,0.124048,1.145048
100.424000,0.139769,1.120506
100.436000,0.139769,1.120506
100.452000,0.124351,1.120506
100.468000,0.134611,1.091054
100.484000,0.137661,1.085532
100.496000,0.137661,1.085532
100.512000,0.137661,1.085532
100.528000,0.132536,1.083061
100.544000,0.132536,1.083061
100.556000,0.132536,1.083061
100.572000,0.148573,1.018906
100.588000,0.148573,1.018906
100.604000,0.140472,1.018906
100.616000,0.141765,0.997399
100.632000,0.144356,0.988810
100.648000,0.144356,0.988810
100.664000,0.144356,0.988810
100.676000,0.160429,0.950551
100.692000,0.149422,0.950551
100.708000,0.149422,0.950551
100.724000,0.148346,0.954054
100.736000,0.151931,0.925233
100.752000,0.151931,0.925233
100.768000,0.154428,0.888702
100.784000,0.154695,0.881884
100.796000,0.154695,0.881884
100.812000,0.154695,0.881884
100.828000,0.156310,0.858096
100.844000,0.162371,0.856296
100.856000,0.162371,0.856296
100.872000,0.162371,0.856296
100.888000,0.156310,0.802970
100.904000,0.156310,0.802970
100.916000,0.156310,0.802970
100.932000,0.161558,0.774930
100.948000,0.161558,0.774930
100.968000,0.161558,0.774930
100.976000,0.155440,0.741989
100.992000,0.153659,0.724009
101.008000,0.169173,0.724009
101.024000,0.158821,0.689989
101.036000,0.155194,0.670758
101.052000,0.155194,0.670758
101.068000,0.155194,0.670758
101.084000,0.167060,0.642940
101.096000,0.167060,0.642940
101.112000,0.167060,0.642940
101.128000,0.156609,0.614120
101.144000,0.152884,0.598547
101.156000,0.152884,0.598547
101.172000,0.178035,0.598547
101.188000,0.163455,0.571364
101.204000,0.163455,0.571364
101.216000,0.163455,0.571364
101.232000,0.144523,0.524061
101.248000,0.164351,0.515192
101.264000,0.164351,0.515192
101.276000,0.149839,0.494050
101.292000,0.149839,0.494050
101.308000,0.149839,0.494050
101.324000,0.185997,0.494050
101.336000,0.156393,0.467972
101.352000,0.156393,0.467972
101.368000,0.156393,0.467972
101.384000,0.139251,0.457121
101.396000,0.139251,0.457121
101.412000,0.177590,0.457121
101.428000,0.149024,0.440648
101.444000,0.137844,0.433045
101.456000,0.137844,0.433045
101.472000,0.137844,0.433045
101.488000,0.182310,0.436873
